Cpptraj Generated trajectory                                                    
  50.890  22.350  38.680  51.890  22.330  38.830  50.390  22.490  39.550  50.730
  21.470  38.210  50.880  23.500  37.760  51.350  23.100  36.860  49.460  23.900
  37.420  49.070  23.010  36.920  49.460  24.720  36.700  48.490  24.190  38.610
  49.000  24.800  39.360  48.160  23.270  39.080  47.000  25.150  38.220  46.270
  24.980  39.910  46.820  25.630  40.580  45.310  25.490  39.820  46.230  23.910
  40.140  51.560  24.750  38.390  51.490  24.990  39.600  52.180  25.480  37.500
  52.320  25.130  36.560  52.760  26.790  37.960  53.560  26.550  38.660  53.420
  27.530  36.880  52.680  27.860  36.150  54.390  28.650  37.380  55.040  28.340
  38.190  55.060  28.960  36.570  53.880  29.590  37.600  54.260  26.630  36.120
  54.480  26.980  35.250  51.680  27.710  38.530  50.680  27.950  37.830  51.900
  28.170  39.780  52.750  27.890  40.240  51.240  29.440  40.170  50.270  29.520
  39.680  50.990  29.480  41.700  50.610  30.470  41.950  51.980  29.330  42.120
  49.980  28.420  42.240  50.190  27.450  41.790  48.980  28.700  41.920  49.960
  28.450  43.790  49.910  29.570  44.350  49.930  27.350  44.360  51.940  30.700
  39.890  53.150  30.760  39.890  51.180  31.800  39.690  50.180  31.630  39.640
  51.670  33.120  39.430  52.750  33.130  39.600  51.490  33.390  37.950  51.750
  34.440  37.800  50.410  33.320  37.780  52.250  32.540  36.960  53.490  32.930
  36.520  53.920  33.860  36.860  54.150  32.100  35.640  55.100  32.480  35.300
  53.520  30.970  35.030  54.100  30.100  34.180  53.520  29.380  33.930  52.200
  30.600  35.490  51.650  29.850  34.940  51.610  31.400  36.480  50.610  31.170
  36.800  51.040  34.170  40.290  49.830  34.320  40.350  51.870  34.950  40.980
  52.860  34.750  40.910  51.470  35.920  42.020  50.450  35.660  42.310  52.440
  35.740  43.120  53.300  36.420  43.100  52.810  34.720  43.130  51.880  36.000
  44.550  52.580  35.720  45.330  50.970  35.420  44.720  51.770  37.560  44.860
  52.310  38.180  44.140  52.090  37.930  45.830  50.300  37.980  44.720  49.860
  37.690  43.770  50.260  39.070  44.790  49.410  37.530  45.830  48.520  38.010
  45.800  49.300  36.530  45.770  49.880  37.740  46.700  51.260  37.360  41.460
  52.280  38.150  41.420  50.060  37.630  41.000  49.280  37.050  41.280  49.790
  38.920  40.270  50.670  39.300  39.760  48.630  38.770  39.290  48.550  39.790
  38.900  47.690  38.710  39.830  48.780  37.670  38.170  48.520  36.760  38.690
  47.750  37.850  37.140  47.920  38.800  36.630  47.750  37.070  36.380  46.740
  37.830  37.550  50.130  37.400  37.570  50.920  37.530  38.300  50.250  36.500
  36.960  50.180  38.300  36.950  49.480  39.970  41.390  49.220  39.720  42.580
  49.460  41.250  40.880  49.640  41.320  39.880  49.200  42.510  41.510  48.440
  42.300  42.260  50.430  43.100  42.190  51.060  43.500  41.390  49.880  44.190
  43.140  49.180  44.890  42.670  49.260  43.700  43.890  50.760  44.730  43.500
  51.430  42.250  42.920  51.530  41.330  42.360  52.400  42.720  43.080  50.880
  42.050  43.840  48.610  43.490  40.520  49.130  43.580  39.420  47.570  44.320
  40.830  46.990  44.170  41.650  47.200  45.430  40.000  47.660  45.300  39.020
  45.620  45.340  39.730  44.990  45.630  40.580  45.350  46.370  38.660  45.830
  47.320  38.890  45.830  46.000  37.750  44.290  46.580  38.540  45.220  43.950
  39.200  45.820  43.630  38.340  45.440  43.200  39.960  44.150  44.040  39.000
  47.620  46.680  40.800  47.400  46.790  42.000  48.270  47.570  40.210  48.580
  47.390  39.270  48.610  48.880  40.870  48.070  48.930  41.820  50.090  49.050
  41.220  50.350  50.090  41.390  50.440  48.130  42.410  51.410  48.440  42.790
  49.720  48.320  43.210  50.480  47.090  42.060  50.930  48.670  39.970  50.790
  49.530  39.310  51.990  48.710  40.200  50.640  47.730  39.500  48.160  50.080
  40.090  47.780  50.020  38.930  48.010  51.250  40.780  48.170  51.260  41.780
  47.610  52.530  40.170  47.030  52.360  39.260  48.490  53.080  39.830  46.840
  53.390  41.160  46.270  53.030  42.210  46.570  54.620  40.710  46.990  55.000
  39.880  45.780  55.610  41.510  46.260  55.490  42.480  45.970  57.030  40.890
  47.040  57.100  40.710  45.490  57.050  39.910  45.600  57.840  41.520  44.300
  55.240  41.760  43.740  54.250  41.300  43.770  56.030  42.660  44.320  56.800
  43.010  42.350  55.980  43.000  42.150  56.670  43.830  42.070  54.960  43.270
  41.470  56.290  41.860  41.840  57.110  40.960  40.250  55.700  41.740  39.870
  55.200  42.530  39.270  55.900  40.620  39.230  56.950  40.320  38.270  55.610
  40.940  39.530  55.250  39.300  38.580  55.130  38.490  40.800  54.830  38.960
  41.480  54.970  39.700  41.190  54.290  37.590  40.970  55.060  36.850  42.660
  54.070  37.350  42.890  53.980  36.290  43.470  55.300  37.860  44.490  55.270
  37.470  42.970  56.200  37.510  43.430  55.370  38.940  43.200  52.860  38.050
  42.760  51.920  37.740  44.270  52.750  37.880  43.010  53.070  39.110  40.410
  53.010  37.200  40.580  52.500  36.090  39.810  52.420  38.170  39.850  52.850
  39.080  39.100  51.210  38.050  38.810  51.140  37.000  38.190  51.270  38.660
  39.810  49.880  38.400  39.460  48.790  37.860  40.760  49.740  39.260  40.890
  50.510  39.900  41.510  48.490  39.500  41.910  48.270  38.510  42.710  48.690
  40.450  43.330  47.820  40.660  42.380  48.940  41.460  43.620  49.830  39.900
  43.070  50.770  39.790  44.000  49.610  38.910  44.850  50.060  40.760  45.330
  50.890  40.250  45.440  49.140  40.770  44.450  50.500  42.180  45.380  50.810
  42.660  44.080  49.610  42.690  43.650  51.730  42.200  42.800  51.610  41.650
  43.380  52.000  43.130  44.220  52.460  41.800  40.620  47.330  39.950  40.700
  46.210  39.460  39.670  47.610  40.860  39.600  48.560  41.190  38.730  46.570
  41.250  39.240  45.660  41.560  37.720  46.990  42.260  37.070  46.160  42.530
  37.170  47.810  41.780  38.320  47.540  43.370  39.060  46.970  43.600  37.830
  46.040  40.090  37.590  44.810  39.990  37.360  46.910  39.150  37.570  47.880
  39.290  36.580  46.540  38.020  35.620  46.200  38.430  36.120  47.740  37.170
  35.560  47.440  36.290  35.510  48.360  37.830  36.970  48.250  36.720  37.240
  45.520  37.130  36.530  44.730  36.530  38.590  45.560  37.080  39.010  46.330
  37.580  39.360  44.600  36.230  38.910  44.670  35.250  40.860  45.000  36.130
  41.370  44.270  35.480  41.300  44.830  37.110  41.310  46.380  35.700  41.110
  47.140  36.470  42.840  46.310  35.470  43.320  47.280  35.300  43.130  45.780
  36.380  42.960  45.660  34.600  40.550  46.850  34.480  40.820  47.870  34.190
  40.700  46.090  33.710  39.490  46.970  34.730  39.280  43.190  36.800  39.170
  42.230  36.030  39.380  43.070  38.140  39.190  43.840  38.770  39.540  41.730
  38.710  40.050  41.080  37.990  40.410  41.650  39.970  39.980  42.300  40.740
  40.490  40.170  40.440  41.120  40.160  41.330  39.480  39.840  40.640  40.940
  39.560  39.660  41.740  42.100  39.740  41.930  42.840  40.330  38.120  41.130
  38.790  38.010  39.960  38.480  36.980  41.880  39.000  37.070  42.840  39.300
  35.610  41.320  39.030  35.620  40.360  39.550  34.670  42.210  39.930  34.510
  43.160  39.420  33.330  41.470  40.130  32.810  41.350  39.180  33.560  40.430
  40.360  32.620  41.910  40.820  35.260  42.390  41.310  36.310  42.660  41.300
  35.250  41.450  41.880  34.600  43.540  42.040  35.090  43.850  42.960  34.570
  44.400  41.370  33.560  43.290  42.250  35.130  41.130  37.580  34.340  40.220
  37.320  35.740  41.780  36.580  36.420  42.520  36.660  35.360  41.420  35.170
  34.290  41.240  35.120  35.770  42.620  34.310  36.830  42.810  34.510  35.290
  43.500  34.750  35.580  42.570  32.780  36.360  41.930  32.360  35.910  43.520
  32.370  34.210  42.000  32.330  33.920  40.850  32.000  33.280  42.950  32.070
  33.410  43.930  32.250  32.370  42.670  31.740  36.100  40.080  34.690  35.470
  39.320  33.960  37.330  39.850  35.130  37.770  40.650  35.560  38.170  38.660
  34.840  38.080  38.490  33.770  39.590  39.060  35.250  39.410  39.450  36.260
  39.860  39.960  34.700  40.650  37.960  35.190  40.290  36.990  35.540  41.240
  37.700  33.820  40.400  37.380  33.200  41.740  38.580  33.420  41.970  36.900
  33.830  41.820  38.340  36.130  42.070  39.400  36.020  41.560  38.150  37.170
  42.720  37.800  35.850  37.650  37.380  35.610  37.260  36.350  35.080  37.530
  37.510  36.970  37.840  38.390  37.380  37.030  36.530  37.920  37.460  35.560
  37.700  37.330  36.960  39.410  36.840  37.910  39.610  36.700  35.990  40.450
  35.620  36.130  40.540  36.910  34.950  40.200  37.070  36.210  41.440  38.830
  37.230  39.650  38.960  37.830  40.560  39.330  37.790  38.860  39.590  35.850
  39.640  39.270  35.150  40.420  39.340  35.350  38.710  40.670  35.950  39.730
  35.540  36.280  37.810  35.200  35.100  37.750  34.630  37.250  37.610  35.020
  38.130  37.300  33.170  37.030  37.720  32.950  35.970  37.570  32.670  37.540
  39.070  32.270  38.540  38.910  33.570  37.540  39.690  31.680  36.650  39.830
  30.710  36.610  39.330  31.610  37.230  40.750  32.210  35.220  40.190  31.870
  34.160  39.630  33.130  35.160  41.230  33.640  35.970  41.540  33.480  34.220
  41.350  32.260  37.660  36.610  31.040  37.540  36.680  32.860  38.240  35.590
  33.860  38.150  35.470  32.190  39.000  34.480  33.000  39.480  33.920  31.450
  38.080  33.430  30.820  37.320  33.910  32.190  37.470  32.920  30.550  38.740
  32.360  29.420  38.370  32.280  30.970  39.730  31.530  31.850  40.210  31.470
  30.290  40.020  30.840  31.410  40.240  34.880  31.230  41.050  34.030  31.010
  40.420  36.160  31.090  39.580  36.730  30.410  41.610  36.750  30.490  41.450
  37.830  28.890  41.550  36.460  28.570  40.530  36.670  28.830  41.900  35.430
  28.060  42.490  37.360  28.170  42.700  38.720  28.750  42.130  39.320  27.240
  43.590  39.120  27.090  43.870  40.150  26.690  44.160  38.050  27.210  43.490
  36.980  26.890  43.720  35.970  31.100  42.950  36.310  32.280  43.160  36.680
  30.430  43.830  35.610  29.630  43.480  35.100  30.780  45.210  35.530  31.870
  45.290  35.560  30.390  45.760  34.090  29.340  45.580  33.850  31.050  45.460
  33.280  30.570  47.250  34.060  31.890  47.790  34.150  32.670  47.050  34.250
  32.110  49.150  34.040  33.070  49.630  34.160  30.990  49.980  33.990  31.170
  51.040  34.000  29.700  49.540  33.890  28.870  50.220  33.800  29.490  48.150
  33.870  28.510  47.750  33.650  30.210  46.050  36.700  29.010  46.390  36.710
  31.120  46.390  37.640  32.100  46.250  37.460  30.790  47.110  38.800  29.760
  46.810  38.980  31.600  46.460  39.970  32.670  46.660  39.980  31.060  47.200
  41.240  29.990  47.050  41.340  31.430  46.620  42.090  31.440  48.220  41.180
  31.410  44.940  40.030  31.750  44.660  41.030  30.360  44.750  39.800  32.050
  44.470  39.280  30.940  48.690  38.650  31.950  49.300  38.910  29.850  49.220
  38.190  29.110  48.550  38.040  29.500  50.640  37.920  30.280  51.030  37.260
  28.190  50.680  37.130  28.350  50.020  36.270  28.060  51.700  36.760  26.950
  50.140  37.940  26.820  48.910  38.200  26.150  50.930  38.520  29.380  51.490
  39.170  29.770  52.670  39.080  29.020  50.920  40.330  28.580  50.020  40.400
  29.120  51.540  41.710  28.750  52.560  41.620  28.240  50.870  42.760  27.220
  51.230  42.610  28.630  51.190  43.730  28.350  49.290  42.690  29.390  49.000
  42.590  27.790  49.120  41.770  27.700  48.760  43.960  27.200  47.620  43.880
  27.770  49.290  45.070  30.540  51.700  42.180  31.340  50.730  41.980  30.860
  52.750  42.940  30.200  53.500  43.100  32.140  52.890  43.550  32.680  51.980
  43.320  32.900  54.100  42.920  32.370  55.040  43.090  32.890  53.740  41.900
  34.360  54.270  43.440  35.260  53.240  43.140  34.890  52.380  42.600  36.610
  53.400  43.530  37.260  52.550  43.370  37.120  54.640  44.030  38.480  54.890
  44.040  38.690  55.750  44.420  36.150  55.630  44.290  36.500  56.580  44.680
  34.760  55.400  44.200  34.150  56.280  44.330  32.350  52.880  45.120  31.780
  53.710  45.810  33.040  51.900  45.610  33.640  51.330  45.030  33.400  51.730
  47.060  33.090  52.540  47.720  32.680  50.490  47.590  32.940  49.590  47.030
  31.600  50.620  47.520  32.860  50.280  49.120  32.910  51.240  49.870  33.090
  49.140  49.660  34.890  51.620  47.160  35.400  50.640  46.590  35.630  52.570
  47.830  35.230  53.900  48.260  34.660  53.890  49.180  34.520  54.260  47.510
  36.440  54.810  48.420  36.440  55.580  49.190  36.570  55.380  47.500  37.520
  53.700  48.640  37.300  53.250  49.600  38.570  53.950  48.520  37.070  52.570
  47.750  37.350  52.810  46.730  37.730  51.200  48.180  37.210  50.590  49.110
  38.870  50.830  47.610  39.280  51.390  46.880  39.570  49.640  48.100  38.900
  48.980  48.650  40.340  48.900  46.990  41.020  49.670  46.620  41.260  47.730
  47.260  40.730  46.780  47.270  42.010  47.620  46.480  41.880  47.920  48.140
  39.430  48.560  45.900  40.030  48.220  45.230  40.640  49.900  49.200  41.320
  50.930  49.140  40.750  49.040  50.200  40.070  48.290  50.230  41.830  49.080
  51.190  42.400  49.980  50.950  41.390  49.020  52.650  40.890  48.070  52.840
  42.550  49.010  53.590  43.190  49.850  53.320  42.150  49.120  54.590  43.110
  48.080  53.440  40.310  50.040  52.830  40.480  51.000  52.350  40.340  50.200
  53.910  38.800  49.580  52.610  38.680  49.330  51.560  38.580  48.870  53.410
  38.150  50.460  52.660  42.790  47.980  50.920  43.970  48.180  50.840  42.250
  46.750  50.700  41.250  46.600  50.720  43.050  45.510  50.310  43.630  45.650
  49.390  43.900  45.020  51.530  43.280  45.050  52.420  44.650  45.800  51.650
  44.570  43.690  51.610  45.260  43.670  50.760  43.760  42.980  51.450  45.360
  43.310  52.890  46.320  43.950  53.160  44.770  42.480  53.700  42.020  44.350
  49.980  41.070  44.120  50.700  42.300  43.680  48.880  43.120  43.910  48.330
  41.350  42.650  48.410  40.920  42.030  49.200  40.170  43.270  47.620  39.820
  42.600  46.840  40.550  44.150  47.110  38.940  43.540  48.450  38.350  42.490
  48.820  38.600  44.710  48.720  42.180  41.620  47.530  42.970  42.060  46.710
  41.920  40.340  47.690  41.360  40.030  48.470  42.570  39.320  46.840  42.870
  39.730  45.880  43.820  38.690  47.550  44.520  39.420  47.950  44.410  38.080
  46.860  43.340  37.920  48.670  44.110  37.460  49.010  41.670  38.210  46.390
  40.570  38.060  46.900  42.040  37.610  45.250  42.950  37.840  44.890  41.200
  36.760  44.400  40.320  36.390  44.930  40.720  37.680  43.200  40.000  37.130
  42.590  41.510  38.120  42.590  39.990  38.870  43.690  40.580  40.180  43.770
  41.650  40.250  43.620  39.820  41.310  44.170  40.290  42.280  44.150  38.430
  41.130  44.500  37.720  42.180  44.840  38.260  42.960  44.940  37.810  39.870
  44.370  36.860  39.640  44.830  38.580  38.750  43.950  38.090  37.790  44.020
  42.070  35.580  43.870  43.310  35.820  43.610  41.590  34.360  43.740  40.620
  34.160  43.940  42.350  33.280  43.040  43.240  33.680  42.560  42.910  32.160
  43.910  43.250  31.330  43.300  42.090  31.690  44.460  43.910  32.610  45.000
  43.300  33.060  45.780  44.670  33.330  44.690  44.660  31.430  45.750  44.990
  31.800  46.710  45.560  31.140  45.200  43.760  30.300  45.950  42.800  30.580
  46.080  44.040  29.010  45.960  45.210  28.550  45.940  46.100  29.020  45.950
  45.340  27.550  45.890  43.040  28.200  45.890  42.130  28.560  45.650  43.200
  27.210  46.000  41.500  32.680  41.920  40.340  32.390  42.110  42.130  32.360
  40.760  43.100  32.610  40.690  41.540  31.590  39.590  40.840  30.840  39.960
  40.670  32.580  38.760  41.430  33.220  38.320  39.910  33.050  39.390  39.980
  31.830  37.650  39.510  30.930  38.050  40.690  31.450  36.920  39.010  32.750
  36.930  39.580  33.480  36.360  38.360  33.290  37.630  38.060  31.930  35.950
  38.660  31.190  35.410  37.770  32.550  35.110  36.910  31.290  36.570  37.170
  30.490  37.120  36.480  32.000  37.140  36.140  31.070  35.950  42.550  30.800
  38.770  43.700  31.280  38.580  42.210  29.550  38.390  41.260  29.330  38.650
  43.000  28.780  37.390  43.940  29.310  37.310  43.210  27.380  37.870  42.300
  27.090  38.390  43.960  27.330  38.660  43.680  26.430  36.800  44.240  25.630
  37.290  44.470  26.840  36.170  42.530  25.880  35.900  41.410  25.710  36.330
  42.650  25.740  34.610  43.550  25.660  34.160  41.840  25.380  34.130  42.390
  28.950  35.980  41.220  29.080  35.850  43.220  29.120  35.020  44.210  29.110
  35.250  43.050  29.480  33.570  42.020  29.170  33.370  43.120  31.000  33.330
  43.120  31.150  32.250  41.970  31.770  34.040  42.070  31.690  35.120  41.980
  32.850  33.840  40.990  31.340  33.860  44.370  31.630  33.900  44.450  31.420
  34.970  45.210  31.070  33.490  44.390  32.680  33.600  44.060  28.740  32.730
  45.050  28.290  33.320  43.810  28.500  31.460  43.040  29.010  31.060  44.830
  28.000  30.550  45.650  27.550  31.110  44.200  26.990  29.550  43.410  27.610
  29.120  45.130  26.460  28.460  46.040  26.060  28.900  44.640  25.730  27.810
  45.480  27.270  27.830  43.700  25.780  30.310  44.390  25.310  31.010  42.820
  26.020  30.900  43.350  25.060  29.570  45.330  29.260  29.870  44.600  30.020
  29.220  46.650  29.390  29.830  47.180  28.780  30.430  47.290  30.570  29.120
  46.570  31.120  28.510  47.810  31.640  30.150  48.570  31.160  30.770  48.540
  32.730  29.450  49.280  32.490  28.690  47.770  33.400  29.070  49.110  33.300
  30.190  46.700  32.080  31.160  46.510  31.190  31.770  45.830  32.340  30.570
  47.110  33.210  32.120  47.570  34.060  31.620  46.170  33.390  32.640  47.730
  32.700  32.850  48.360  30.050  28.210  49.440  29.700  28.730  48.090  30.060
  26.920  47.240  30.480  26.580  49.000  29.600  25.850  48.470  29.540  24.890
  49.990  30.780  25.640  50.870  30.370  25.130  50.430  31.210  26.530  49.350
  31.880  24.840  49.120  31.740  23.620  48.990  32.900  25.440  49.660  28.200
  26.060  50.830  28.170  26.550  48.870  27.120  25.870  47.940  27.300  25.520
  49.230  25.740  26.050  50.040  25.500  25.350  48.390  25.100  25.770  49.710
  25.210  27.450  50.360  24.160  27.500  49.410  26.010  28.440  48.950  26.850
  28.130  49.780  25.760  29.850  50.020  24.710  30.040  51.020  26.650  30.160
  50.710  27.690  30.100  51.890  26.450  29.550  51.560  26.500  31.560  51.760
  25.440  31.710  50.760  26.820  32.230  52.790  27.320  31.930  52.610  28.340
  32.590  53.930  26.980  31.500  48.550  26.090  30.690  48.180  27.250  30.920
  48.060  25.120  31.450  48.430  24.170  31.430  47.220  25.320  32.630  46.530
  26.100  32.320  46.520  24.040  33.150  46.150  23.520  32.260  47.340  23.120
  34.030  48.260  22.890  33.490  47.540  23.550  35.020  46.760  22.220  34.230
  45.410  24.560  33.850  44.980  23.870  34.360  48.010  25.990  33.780  49.090
  25.540  34.110  47.510  27.030  34.470  46.570  27.310  34.230  48.120  27.740
  35.560  48.680  26.950  36.070  49.210  28.670  35.050  49.930  28.120  34.450
  49.720  29.190  35.860  48.570  29.800  33.890  48.060  28.740  33.260  47.080
  28.400  36.500  46.050  28.840  36.040  47.450  28.510  37.760  48.280  28.020
  38.070  46.650  29.330  38.750  45.660  29.580  38.370  46.390  28.470  40.020
  47.270  28.080  40.530  45.700  27.690  39.690  45.480  29.130  41.140  44.750
  29.770  40.660  44.910  28.030  42.060  44.770  28.400  43.070  43.970  27.710
  41.600  45.500  27.120  42.120  46.300  30.030  42.140  45.720  30.680  42.790
  47.010  29.400  42.680  46.940  30.730  41.600  47.340  30.740  38.960  48.510
  30.960  39.130  46.480  31.720  38.940  45.510  31.450  38.940  46.620  33.150
  39.170  47.690  33.350  39.120  45.910  34.010  38.140  45.890  34.990  38.630
  44.890  33.660  37.980  46.660  34.190  36.740  47.520  34.820  36.940  47.090
  32.880  36.140  47.890  32.510  36.780  46.220  32.240  36.040  47.540  33.050
  35.150  45.850  34.970  35.720  45.580  35.930  36.160  46.400  35.210  34.800
  45.010  34.370  35.360  46.140  33.490  40.620  44.930  33.350  40.910  47.050
  33.930  41.480  48.010  34.050  41.210  46.730  34.500  42.710  45.690  34.270
  42.930  47.580  33.830  43.860  48.660  33.840  43.690  47.180  32.840  44.090
  47.450  34.550  45.160  46.350  34.840  45.770  48.560  34.900  45.630  46.910
  36.010  42.630  48.060  36.470  42.560  45.770  36.760  42.720  44.910  36.300
  43.010  45.700  38.190  42.340  46.570  38.610  41.830  44.610  38.410  41.300
  43.630  38.340  41.760  44.740  39.870  40.710  44.790  40.620  41.490  45.620
  39.970  40.080  43.880  40.130  40.090  44.640  37.240  40.280  44.290  36.300
  40.700  45.650  37.070  39.890  43.700  37.280  39.050  43.970  36.500  38.330
  42.690  37.190  39.430  43.880  38.220  38.520  45.410  39.090  43.520  44.490
  38.740  44.320  46.190  40.160  43.750  47.030  40.190  43.190  45.950  41.270
  44.680  45.010  41.020  45.170  47.130  41.280  45.550  47.970  41.620  44.940
  47.360  40.300  45.950  46.930  42.190  46.730  46.500  43.150  46.460  46.200
  41.540  47.880  46.180  42.130  48.800  45.170  41.390  47.550  46.590  40.560
  48.140  48.380  42.400  47.250  48.360  43.080  48.100  48.910  41.480  47.490
  48.890  42.910  46.440  45.520  42.620  44.010  46.180  43.190  43.150  44.410
  43.170  44.540  43.920  42.690  45.290  43.900  44.540  44.200  44.400  44.950
  43.320  42.410  44.500  43.990  41.900  44.210  44.900  42.100  43.870  43.150
  41.830  45.900  43.500  42.510  46.690  42.730  40.690  46.210  43.950  44.300
  45.500  45.300  44.490  45.080  46.460  44.520  46.770  44.930  44.310  47.090
  43.990  45.230  47.760  45.830  45.140  47.380  46.850  46.740  47.810  45.490
  47.390  48.420  46.130  47.390  46.480  45.410  47.120  45.820  44.600  48.460
  46.650  45.330  47.230  45.880  46.300  46.810  48.320  44.200  47.100  47.660
  43.560  44.630  49.180  45.880  43.840  49.610  45.030  44.970  49.910  46.930
  45.820  49.760  47.460  44.560  51.300  47.090  43.530  51.510  46.790  44.560
  51.720  48.590  45.490  51.390  49.040  44.460  52.810  48.680  43.740  51.240
  49.130  45.520  52.220  46.330  46.660  51.880  46.090  45.080  53.430  46.020
  44.160  53.690  46.330  45.860  54.410  45.180  45.260  54.560  44.280  46.820
  53.960  44.930  46.280  55.690  45.910  46.120  56.720  45.290  46.870  55.630
  47.120  47.090  54.750  47.560  47.090  56.790  47.980  46.830  57.630  47.340
  46.110  56.690  49.190  46.310  57.600  49.750  46.430  55.900  49.870  44.620
  56.630  48.940  44.140  56.710  49.920  44.340  55.620  48.650  44.070  57.810
  48.220  43.680  57.670  47.100  43.950  58.920  48.800  44.250  59.010  49.760
  43.480  59.680  48.340  48.580  57.080  48.370  49.350  56.150  48.650  48.940
  58.320  48.770  48.390  59.120  48.510  50.160  58.640  49.520  51.100  58.270
  49.110  50.270  60.210  49.700  49.580  60.590  50.450  49.830  60.650  48.800
  51.650  60.750  50.030  51.630  61.810  49.800  52.330  60.250  49.350  52.060
  60.550  51.530  51.250  60.650  52.500  53.290  60.440  51.780  50.090  58.000
  50.980  51.080  57.470  51.540  48.900  57.860  51.570  48.150  58.370  51.120
  48.600  57.120  52.820  49.290  57.630  53.490  47.160  57.280  53.250  47.180
  57.000  54.310  46.510  56.570  52.740  46.480  58.650  53.390  47.070  59.390
  53.920  45.600  58.480  54.020  46.070  59.140  52.000  44.870  59.100  51.520
  46.880  59.800  51.320  48.920  55.650  52.650  48.590  55.090  51.570  49.570
  55.020  53.630  49.770  55.450  54.520  50.270  53.740  53.560  50.950  53.710
  54.410  49.290  52.610  53.620  49.940  51.760  53.830  48.870  52.520  52.620
  48.370  52.680  54.770  48.730  52.350  56.090  49.710  52.010  56.360  47.760
  52.360  57.120  48.080  52.010  58.080  46.500  52.900  56.840  45.540  52.890
  57.810  44.700  53.180  57.440  46.170  53.300  55.550  45.230  53.720  55.250
  47.100  53.110  54.520  46.810  53.460  53.540  51.300  53.500  52.370  51.650
  52.310  52.030  51.670  54.550  51.640  51.230  55.440  51.800  52.650  54.390
  50.440  52.090  53.980  49.600  53.070  55.740  49.960  53.380  56.430  50.750
  52.210  56.260  49.530  54.150  55.810  49.020  53.940  56.580  48.480  53.940
  53.600  50.740  54.210  52.700  50.020  54.710  53.910  51.840  54.480  54.740
  52.370  55.880  53.100  52.190  56.560  53.110  51.340  56.530  53.820  53.350
  56.890  54.780  52.970  55.810  53.930  54.160  57.400  53.280  53.710  55.520
  51.710  52.540  56.160  50.720  52.100  54.450  51.510  53.300  53.930  52.320
  53.610  53.920  50.180  53.700  54.790  49.750  54.190  52.600  50.350  54.490
  51.830  50.430  53.730  52.600  51.330  54.970  52.260  49.310  55.550  53.140
  49.240  56.180  52.180  48.370  55.000  50.980  49.400  56.730  49.550  49.130
  55.700  48.780  48.980  56.460  49.360  49.930  54.980  49.670  48.230  55.110
  53.710  49.260  52.430  53.750  48.050  52.520  53.460  49.860  51.220  53.330
  50.860  51.210  53.270  49.100  49.930  52.370  48.500  50.050  53.120  49.960
  48.660  53.100  49.210  47.880  53.960  50.660  48.610  51.830  50.860  48.630
  51.720  51.590  49.440  51.030  50.150  48.850  51.730  51.520  47.320  50.720
  51.940  47.270  51.720  50.760  46.540  52.700  52.590  47.110  53.670  52.300
  47.020  52.430  53.820  46.700  51.220  54.330  46.600  50.440  53.730  46.830
  51.160  55.330  46.440  53.410  54.620  46.340  54.330  54.260  46.540  53.240
  55.540  45.950  54.430  48.120  49.670  54.130  47.040  49.150  55.660  48.350
  50.110  55.720  49.230  50.600  56.820  47.450  50.060  57.240  47.420  49.060
  57.890  48.040  51.060  58.650  47.270  51.180  57.600  48.090  52.110  58.610
  49.370  50.690  58.470  49.980  49.630  59.550  49.690  51.440  56.430  46.040
  50.490  56.760  45.030  49.840  55.670  45.940  51.560  55.300  46.770  52.000
  55.130  44.710  52.190  56.010  44.160  52.510  54.300  44.980  53.540  53.790
  44.070  53.870  53.540  45.720  53.310  55.260  45.480  54.650  55.660  46.450
  54.360  55.980  44.680  54.820  54.390  45.680  55.940  54.290  46.770  56.490
  53.780  44.610  56.470  53.920  43.710  56.030  52.990  44.690  57.100  54.340
  43.820  51.150  54.220  42.610  51.410  53.760  44.370  50.070  53.880  45.350
  49.850  53.160  43.450  49.040  53.330  42.400  49.300  51.670  43.720  48.810
  51.080  43.570  49.710  51.340  42.900  48.170  51.280  45.060  48.190  51.320
  45.200  46.770  51.710  44.370  46.200  51.080  46.460  46.240  51.140  46.540
  45.160  50.590  47.540  47.060  50.010  48.680  46.510  49.380  49.060  47.130
  50.440  47.310  48.420  50.080  48.060  49.110  50.880  46.110  49.020  50.830
  46.130  50.100  53.900  43.490  47.690  53.850  42.500  46.980  54.600  44.570
  47.340  54.420  45.390  47.910  55.450  44.750  46.190  54.950  44.430  45.280
  55.840  46.240  45.980  56.500  46.250  45.110  56.360  46.540  46.890  54.660
  47.140  45.760  53.820  46.920  46.420  54.260  46.860  44.790  54.970  48.980
  45.620  53.580  49.320  44.550  52.700  48.890  45.020  53.530  50.410  44.490
  53.770  48.880  43.570  56.740  43.980  46.270  57.310  43.680  45.210  57.200
  43.530  47.430  57.000  44.080  48.250  58.250  42.510  47.540  58.990  42.720
  46.770  58.810  42.630  49.000  58.170  42.180  49.750  58.830  43.690  49.280
  60.220  41.980  49.020  60.780  42.470  48.220  60.200  40.900  48.870  60.980
  42.250  50.330  61.980  41.900  50.080  60.650  41.620  51.150  61.230  43.640
  50.690  61.990  44.200  50.330  60.480  44.300  51.600  59.550  43.840  52.400
  59.300  42.860  52.440  59.130  44.560  52.970  60.670  45.550  51.590  61.470
  46.000  51.160  60.190  46.080  52.300  57.770  41.100  47.260  58.610  40.390
  46.640  56.580  40.760  47.640  56.030  41.510  48.030  55.990  39.380  47.540
  56.750  38.630  47.740  54.760  39.220  48.490  53.860  39.620  48.030  54.360
  37.700  48.600  54.980  37.080  49.250  53.360  37.780  49.020  54.250  37.210
  47.630  54.980  39.840  49.660  54.270  39.640  50.270  55.540  39.200  46.070
  55.540  38.070  45.500  55.150  40.310  45.370  55.060  41.190  45.860  54.630
  40.170  43.980  54.370  41.150  43.590  53.680  39.630  43.970  55.620  39.600
  42.920  56.830  39.830  43.040  55.120  38.860  41.990  54.130  38.680  41.900
  55.970  38.200  40.960  56.970  38.190  41.390  55.510  36.770  40.690  56.040
  36.370  39.830  54.460  36.820  40.370  55.930  35.830  41.760  55.450  36.250
  42.650  56.970  36.020  42.010  55.560  34.360  41.660  54.690  34.130  40.760
  56.010  33.480  42.410  55.930  38.990  39.600  56.650  38.670  38.660  54.910
  39.870  39.450  54.210  39.990  40.160  54.480  40.560  38.240  54.120  39.870
  37.470  55.330  41.100  37.820  53.440  41.630  38.470  52.590  41.360  39.280
  53.550  42.810  37.810  54.240  42.840  37.060  52.570  43.940  38.010  51.850
  43.670  38.780  53.470  45.100  38.630  52.760  45.930  38.680  54.290  45.430
  37.990  54.100  44.750  39.990  55.340  44.140  40.040  55.900  43.960  39.130
  55.930  43.910  41.310  56.900  43.450  41.360  55.240  44.300  42.480  55.620
  44.010  43.450  53.970  44.930  42.440  53.410  45.150  43.330  53.430  45.110
  41.150  52.530  45.710  41.070  51.880  44.430  36.810  52.480  44.680  35.750
  50.570  44.680  36.900  50.100  44.550  37.780  49.900  45.510  35.870  50.450
  45.420  34.940  48.430  45.010  35.610  47.900  45.780  35.050  48.000  44.900
  36.600  48.180  43.630  34.850  48.760  42.810  35.280  46.640  43.430  34.830
  46.160  44.210  34.240  46.550  42.440  34.400  46.200  43.300  35.820  48.600
  43.710  33.380  49.690  43.760  33.370  48.270  42.770  32.940  48.010  44.490
  32.900  49.880  46.970  36.440  49.380  47.200  37.500  50.410  47.890  35.670
  50.760  47.550  34.790  50.300  49.300  36.040  50.180  49.400  37.120  51.610
  50.020  35.670  51.350  51.080  35.650  52.020  49.670  34.730  52.850  49.740
  36.880  53.370  48.610  36.390  49.140  49.930  35.220  49.340  50.060  33.980
  48.110  50.340  35.910  48.130  50.140  36.900  46.920  50.790  35.220  46.940
  50.540  34.160  45.640  50.160  35.880  45.510  50.720  36.800  44.480  50.340
  34.920  44.790  50.050  33.910  43.570  49.810  35.180  44.260  51.400  34.800
  45.800  48.650  36.190  45.990  48.110  35.260  46.560  48.460  36.950  44.790
  48.500  36.580  46.800  52.320  35.370  46.970  52.850  36.470  46.410  53.000
  34.280  46.140  52.480  33.460  45.860  54.400  34.190  45.580  54.660  35.210
  46.950  55.340  33.610  47.910  55.170  34.080  46.770  56.380  33.860  47.110
  55.270  32.140  47.950  54.300  31.530  48.490  53.570  32.100  48.100  54.180
  30.180  48.760  53.520  29.650  47.380  54.960  29.310  47.510  54.820  28.240
  46.560  55.960  29.870  46.020  56.640  29.240  46.430  56.110  31.270  45.760
  56.890  31.580  44.460  54.390  33.480  43.950  53.340  33.020  43.810  55.580
  33.430  44.340  56.400  33.690  42.590  55.770  32.640  42.330  54.810  32.210
  41.520  56.160  33.610  41.720  57.130  34.050  40.550  56.340  33.140  41.310
  55.410  34.370  42.850  56.760  31.490  43.570  57.740  31.640  42.160  56.540
  30.350  41.580  55.720  30.200  42.310  57.380  29.240  43.380  57.560  29.300
  42.130  56.760  27.840  42.400  57.500  27.080  43.140  55.700  27.620  42.840
  54.820  28.180  43.030  55.410  26.570  44.140  56.040  27.890  40.710  56.210
  27.380  40.460  55.350  28.000  40.710  55.820  26.360  39.520  57.170  27.540
  39.200  57.160  28.590  39.880  58.090  27.080  38.710  56.840  26.890  41.680
  58.770  29.360  42.010  59.590  28.490  40.740  58.990  30.330  40.450  58.200
  30.870  40.200  60.290  30.770  40.100  61.000  29.950  38.680  60.060  31.030
  38.300  59.420  30.230  38.100  60.980  31.000  38.480  59.410  32.460  38.980
  58.340  32.750  37.490  59.910  33.140  37.020  60.750  32.850  37.200  59.450
  33.990  41.040  61.050  31.860  40.520  62.020  32.350  42.180  60.540  32.440
  42.580  59.670  32.140  42.950  61.190  33.530  42.600  62.220  33.570  42.490
  60.410  34.760  42.700  59.340  34.730  41.420  60.530  34.950  43.160  60.910
  36.010  44.210  61.480  36.010  42.610  60.570  37.180  41.800  59.970  37.240
  43.130  60.820  38.000  44.430  61.180  33.290  45.060  60.200  33.320  44.980
  62.390  33.030  44.450  63.230  33.180  46.410  62.540  32.760  46.660  61.730
  32.080  46.610  63.950  32.100  46.300  64.670  32.850  48.020  64.220  31.590
  48.680  63.810  32.360  48.150  63.780  30.600  48.100  65.300  31.490  45.800
  64.040  30.990  45.850  64.980  30.820  47.270  62.460  33.980  48.350  61.890
  33.900  46.760  62.810  35.170  45.780  63.040  35.210  47.480  62.670  36.470
  48.390  63.280  36.450  46.530  63.160  37.630  47.030  63.340  38.580  45.700
  62.460  37.760  45.910  64.500  37.300  45.040  64.300  36.680  46.680  65.090
  36.790  45.310  65.290  38.490  45.150  66.320  38.150  45.980  65.320  39.340
  43.970  64.540  38.900  44.230  63.540  39.250  43.330  64.550  38.020  43.200
  65.340  39.910  43.790  65.510  40.710  42.840  66.210  39.550  42.450  64.810
  40.330  47.830  61.170  36.700  48.920  60.910  37.140  46.910  60.300  36.320
  45.990  60.680  36.150  47.030  58.810  36.560  47.380  58.640  37.580  45.630
  58.190  36.500  44.900  58.880  36.930  45.680  57.260  37.070  45.260  57.860
  35.180  45.310  58.640  34.620  48.000  58.080  35.660  48.590  57.060  36.030
  48.210  58.720  34.500  47.560  59.460  34.300  49.150  58.370  33.490  49.370
  57.310  33.350  48.590  58.880  32.200  48.030  59.800  32.370  47.890  58.190
  31.730  49.510  59.230  31.090  50.290  58.260  30.440  50.240  57.250  30.800
  51.300  58.650  29.510  52.000  57.970  29.050  51.380  60.050  29.140  52.150
  60.330  28.440  50.470  61.020  29.720  50.610  62.070  29.520  49.600  60.580
  30.740  49.020  61.330  31.250  50.590  58.840  33.750  51.580  58.120  33.450
  50.770  60.000  34.450  49.930  60.530  34.670  52.070  60.500  34.900  52.830
  60.360  34.130  51.880  62.030  35.220  51.140  62.190  36.010  51.520  62.490
  34.300  53.140  62.780  35.680  53.930  62.480  34.990  53.390  62.570  36.720
  53.010  64.350  35.430  52.000  64.920  35.980  53.900  64.960  34.870  52.460
  59.780  36.220  53.620  59.930  36.620  51.610  59.040  36.910  50.660  59.050
  36.560  51.840  58.590  38.280  52.300  59.440  38.780  50.460  58.190  38.850
  50.160  57.190  38.530  49.620  58.730  38.430  50.380  58.370  40.400  50.850
  59.380  40.930  49.880  57.490  41.130  52.690  57.270  38.400  53.080  56.810
  39.510  52.930  56.670  37.210  52.600  57.170  36.400  53.530  55.360  37.050
  53.050  54.690  37.760  53.190  54.870  35.560  53.680  55.550  34.860  53.770
  53.460  35.260  53.480  53.120  34.260  54.850  53.360  35.400  53.320  52.740
  35.940  51.630  54.890  35.270  51.510  54.470  34.280  51.410  55.940  35.030
  50.620  54.290  36.200  50.640  54.920  37.080  49.650  54.410  35.700  50.850
  53.240  36.380  55.060  55.350  37.460  55.570  54.350  37.980  55.610  56.590
  37.410  55.100  57.290  36.890  56.960  56.980  37.820  57.680  56.500  37.170
  57.100  58.550  37.830  57.990  58.940  38.340  56.230  59.030  38.280  57.220
  58.960  36.370  56.180  59.310  35.570  55.280  59.650  35.870  56.670  59.730
  34.380  56.140  60.200  33.570  58.020  59.430  34.320  58.390  59.040  35.640
  59.350  58.700  36.000  57.320  56.420  39.250  58.410  55.840  39.450  56.430
  56.610  40.240  55.570  57.040  39.950  56.560  56.290  41.680  57.570  56.600
  41.920  55.610  57.260  42.480  55.560  56.900  43.500  54.550  57.140  42.220
  56.030  58.710  42.470  57.070  58.710  42.790  55.420  59.210  43.230  55.890
  59.460  41.170  55.030  59.280  40.340  56.730  60.410  40.960  57.410  60.530
  41.700  56.810  60.890  40.070  56.410  54.840  41.970  56.840  54.330  43.020
  55.500  54.140  41.150  54.920  54.680  40.530  55.140  52.710  41.310  55.000
  52.350  42.330  53.860  52.400  40.550  53.890  51.340  40.280  53.880  53.010
  39.640  52.630  52.720  41.320  51.970  53.910  40.990  52.340  54.480  40.150
  50.830  54.310  41.710  50.280  55.180  41.390  50.330  53.510  42.680  49.160
  53.860  43.260  48.880  53.130  43.820  50.950  52.370  43.070  50.470  51.850
  43.890  52.080  51.920  42.350  52.650  51.030  42.570  56.370  51.910  40.750
  56.840  50.960  41.380  56.910  52.360  39.640  56.440  53.080  39.120  58.010
  51.630  38.960  57.650  50.600  38.950  58.210  52.180  37.550  58.790  53.100
  37.660  57.250  52.350  37.060  59.030  51.160  36.850  58.520  50.220  36.610
  59.910  50.950  37.460  59.820  51.670  35.640  60.280  52.570  36.030  59.040
  51.860  34.900  60.790  50.690  35.200  61.750  51.020  35.250  60.590  49.490
  34.610  59.390  49.030  34.410  58.650  49.680  34.630  59.200  48.080  34.120
  61.510  48.710  34.180  62.470  48.880  34.420  61.240  47.860  33.700  59.280
  51.680  39.850  59.890  50.680  39.950  59.700  52.880  40.410  59.220  53.730
  40.160  60.960  53.090  41.160  61.750  52.580  40.610  61.230  54.590  41.410
  61.990  54.680  42.180  60.300  55.010  41.800  61.670  55.360  40.210  61.430
  56.410  40.320  61.140  54.990  39.330  63.150  55.100  39.930  64.020  55.970
  40.000  63.570  53.960  39.620  60.780  52.370  42.530  61.750  51.740  42.990
  59.600  52.420  43.140  58.900  53.100  42.870  59.250  51.710  44.340  60.030
  51.970  45.060  57.930  52.180  44.950  57.200  51.990  44.160  57.860  53.240
  45.220  57.650  51.530  46.310  58.490  51.800  46.950  57.500  50.460  46.150
  56.460  52.010  47.120  55.570  52.750  46.840  56.400  51.610  48.380  57.200
  51.080  48.680  55.530  51.640  48.900  59.290  50.150  44.150  59.860  49.410
  44.960  58.810  49.570  43.030  58.260  50.110  42.370  58.860  48.110  42.760
  58.620  47.530  43.660  57.790  47.770  41.670  57.940  48.620  41.000  58.100
  46.530  40.850  59.130  46.400  40.530  57.860  45.710  41.530  57.430  46.410
  40.000  56.360  47.820  42.180  56.220  48.630  42.890  56.090  46.890  42.680
  55.290  48.000  41.170  55.410  48.870  40.530  55.170  47.110  40.560  54.390
  48.160  41.770  60.280  47.650  42.400  60.670  46.530  42.790  61.130  48.490
  41.850  60.740  49.360  41.510  62.580  48.180  41.500  62.760  47.230  41.000
  63.240  49.200  40.500  64.330  49.100  40.410  63.070  50.160  40.990  62.590
  49.170  39.090  61.540  49.450  39.080  62.620  48.170  38.650  63.410  49.920
  38.020  63.040  49.670  37.020  64.450  49.610  38.050  63.230  51.410  38.210
  63.340  51.670  39.260  62.250  51.760  37.890  64.310  52.160  37.580  65.150
  51.730  37.950  64.200  51.970  36.600  64.290  53.100  37.950  63.450  48.060
  42.800  64.250  47.160  42.910  63.130  48.860  43.830  62.380  49.530  43.720
  63.940  48.920  45.080  65.020  48.970  44.940  63.390  50.130  45.860  62.440
  49.900  46.330  63.260  50.940  45.140  64.420  50.660  46.830  65.240  51.160
  46.310  64.930  49.870  47.370  63.600  51.570  47.690  62.670  51.900  47.230
  64.210  52.470  47.800  63.420  51.010  49.020  64.290  50.640  49.370  62.260
  50.670  49.570  61.060  50.890  49.080  60.960  51.500  48.280  60.320  50.440
  49.590  62.310  49.800  50.560  63.150  49.600  51.070  61.430  49.400  50.870
  63.810  47.680  45.990  64.850  47.140  46.390  62.600  47.240  46.180  61.830
  47.700  45.720  62.310  46.180  47.120  63.070  46.270  47.900  60.870  46.130
  47.720  60.890  45.260  48.370  60.550  47.250  48.670  59.590  47.060  49.140
  61.280  47.330  49.480  60.460  48.180  48.110  59.760  45.920  46.740  58.920
  45.810  47.420  59.760  46.770  46.050  59.820  44.980  46.190  62.640  44.740
  46.510  63.010  43.820  47.310  62.640  44.550  45.180  62.410  45.300  44.540
  63.010  43.280  44.490  63.050  42.500  45.260  61.960  42.840  43.450  62.200
  41.940  42.880  61.940  43.590  42.660  60.590  42.620  44.120  60.200  43.610
  44.340  60.540  42.110  45.090  59.550  41.940  43.150  59.450  42.540  42.250
  58.600  41.940  43.700  59.730  40.450  42.840  60.640  40.280  42.270  58.900
  40.180  42.190  59.830  39.580  44.050  59.050  39.610  44.690  59.740  38.610
  43.800  60.700  39.670  44.550  64.470  43.280  44.020  65.000  42.400  43.360
  65.220  44.390  44.290  64.750  45.090  44.850  66.690  44.590  44.030  66.980
  45.610  44.280  67.520  43.670  44.920  68.580  43.780  44.680  67.220  42.660
  44.650  67.440  43.910  46.450  68.050  44.900  46.910  66.820  43.060  47.130
  66.920  44.420  42.470  67.920  43.820  42.040  66.000  44.790  41.610  65.180
  45.290  41.940  65.880  44.420  40.200  66.900  44.170  39.900  64.930  43.260
  40.120  64.010  43.470  40.670  65.490  42.440  40.560  64.620  43.020  38.780
  64.050  42.250  38.790  65.420  45.660  39.400  64.720  46.490  39.890  65.860
  45.820  38.150  66.370  45.040  37.760  65.400  46.870  37.190  64.960  47.710
  37.730  66.700  47.390  36.430  66.480  47.820  35.450  67.300  46.560  36.060
  67.570  48.340  37.250  67.150  49.440  37.700  68.700  47.930  37.540  64.270
  46.470  36.210  63.520  47.350  35.660  64.090  45.170  36.020  64.600  44.510
  36.580  63.410  44.550  34.870  62.910  45.350  34.320  64.380  43.930  33.850
  65.010  44.700  33.410  63.730  43.550  33.060  65.140  42.810  34.520  64.650
  41.660  34.450  66.190  42.970  35.170  62.200  43.630  35.360  61.770  42.690
  34.670  61.700  43.770  36.620  62.090  44.520  37.170  60.630  43.030  37.250
  61.070  42.040  37.360  60.180  43.610  38.630  59.690  44.570  38.490  59.080
  42.680  39.190  58.720  42.970  40.170  58.230  42.420  38.560  59.570  41.720
  39.400  61.310  43.840  39.550  61.990  44.530  39.060  60.920  44.310  40.450
  61.860  42.930  39.810  59.460  43.000  36.230  59.130  44.050  35.680  58.800
  41.840  35.910  59.230  40.500  36.250  58.880  40.260  37.250  60.320  40.390
  36.200  58.640  39.590  35.180  58.560  38.570  35.550  59.400  39.520  34.400
  57.360  40.300  34.750  56.530  40.170  35.450  57.000  40.020  33.760  57.840
  41.730  34.810  58.330  42.020  33.880  56.630  42.700  34.930  55.910  42.730
  35.960  56.330  43.460  33.920  56.850  43.470  33.050  55.400  44.550  34.060
  54.640  44.230  34.770  56.080  45.730  34.790  56.790  46.180  34.090  56.540
  45.290  35.670  55.050  46.820  35.050  54.310  46.490  35.770  54.460  47.050
  34.160  55.950  48.410  35.710  56.720  47.800  37.300  57.280  46.870  37.150
  57.270  48.600  37.780  55.940  47.640  38.050  54.680  44.980  32.760  55.370
  45.110  31.710  53.370  45.230  32.830  53.000  45.120  33.760  52.600  45.720
  31.670  53.330  45.970  30.890  51.480  44.710  31.270  50.640  45.010  31.900
  50.990  44.910  29.840  51.710  44.650  29.080  50.120  44.280  29.670  50.690
  45.960  29.870  51.810  43.270  31.370  51.010  42.630  31.000  52.730  43.030
  30.830  52.150  42.890  32.330  51.960  47.130  31.990  51.920  47.530  33.190
  51.710  47.950  31.020  51.880  47.580  30.100  50.910  49.210  31.090  50.750
  49.410  32.150  51.810  50.330  30.450  51.760  50.050  29.400  52.750  50.330
  31.000  51.200  51.760  30.650  50.150  51.780  30.370  51.400  52.290  32.080
  50.840  53.220  32.040  51.000  51.590  32.810  52.460  52.430  32.290  51.980
  52.780  29.740  51.740  53.820  29.980  53.030  52.730  30.020  51.880  52.500
  28.690  49.500  49.070  30.500  49.330  48.720  29.300  48.480  49.510  31.290
  48.640  49.780  32.250  47.100  49.340  30.870  47.000  48.970  29.850  46.430
  48.270  31.830  46.470  48.740  32.810  44.990  48.210  31.240  45.100  47.860
  30.220  44.370  47.520  31.810  44.520  49.190  31.160  47.070  46.910  31.810
  47.110  46.610  30.760  48.040  46.940  32.310  46.460  46.270  32.450  46.470
  50.690  30.880  46.360  51.340  31.920  45.970  51.160  29.690  46.020  50.520
  28.910  45.020  52.330  29.590  45.240  52.790  28.620  45.190  53.090  30.350
  43.540  51.970  29.620  42.940  51.740  28.580  42.990  51.940  30.850  43.550
  52.230  31.630  41.580  51.620  31.020  41.380  50.660  30.550  41.290  51.330
  32.530  41.550  52.220  33.090  41.930  50.500  32.830  39.910  50.800  32.800
  39.310  50.010  32.050  39.340  51.070  33.980  39.830  51.700  34.590  38.330
  50.970  34.060  40.560  52.720  30.470  41.010  53.870  30.320  39.260  52.430
  30.340  38.990  51.470  30.450  38.130  53.350  30.000  37.210  52.780  30.120
  38.100  54.420  31.070  37.120  54.890  30.920  38.830  55.200  30.830  38.110
  54.050  32.590  39.110  53.860  32.970  37.590  53.100  32.670  37.350  55.050
  33.520  36.290  55.040  33.240  37.760  56.050  33.390  37.420  54.610  34.910
  38.430  54.430  35.270  36.830  53.690  34.930  36.740  55.470  35.870  37.080
  56.420  35.830  35.770  55.460  35.600  36.890  55.250  36.840  38.130  53.820
  28.550  37.610  54.920  28.320  38.400  52.930  27.620  38.860  52.090  27.950
  38.440  53.350  26.230  38.940  54.310  26.100  39.350  52.400  25.450  40.270
  52.190  26.000  39.500  52.750  24.430  38.410  50.860  25.470  39.410  50.330
  24.760  37.030  53.540  25.630  36.820  54.120  24.590  36.050  53.080  26.340
  36.340  52.830  27.280  34.630  53.320  26.150  34.470  53.100  25.090  33.810
  52.330  27.030  34.120  51.310  26.810  32.770  52.490  26.730  33.980  52.460
  28.510  35.050  52.010  28.970  33.120  53.080  29.220  34.160  54.730  26.460
  33.140  55.180  25.900  34.900  55.560  27.220  35.710  55.200  27.700  34.550
  56.980  27.380  33.470  57.090  27.380  35.230  57.580  28.530  34.910  58.620
  28.610  36.310  57.490  28.420  34.710  57.000  29.830  34.840  55.920  29.920
  35.480  57.690  30.950  35.170  57.370  31.950  36.520  57.400  30.800  35.260
  58.750  30.850  33.240  57.220  30.120  33.010  58.280  30.060  32.610  56.660
  29.430  32.990  56.930  31.140  35.050  57.750  26.150  36.160  57.600  25.690
  34.160  58.670  25.730  33.290  58.810  26.210  34.510  59.610  24.580  35.240
  59.170  23.900  33.290  59.910  23.830  32.820  59.020  23.400  32.580  60.420
  24.490  33.570  60.530  22.980  35.200  60.890  25.080  35.880  61.560  24.330
  35.080  61.170  26.380  34.400  60.680  26.940  35.890  62.140  27.190  35.870
  63.100  26.680  35.280  62.200  28.600  35.400  61.250  29.120  35.840  62.920
  29.180  34.240  62.530  28.570  37.420  61.820  27.330  38.040  62.070  28.360
  38.040  61.350  26.220  37.480  61.270  25.390  39.460  61.010  26.180  39.670
  60.520  27.130  39.850  60.100  24.970  39.740  60.720  24.080  39.110  59.300
  24.900  41.290  59.550  24.930  41.750  59.260  25.870  41.940  60.240  24.400
  41.200  58.260  24.150  40.740  58.430  23.180  40.650  57.460  24.660  42.520
  57.700  24.060  43.290  58.280  24.350  42.880  56.470  23.720  42.130  55.590
  23.300  41.130  55.670  23.410  42.630  54.710  23.260  44.050  56.070  24.020
  44.650  56.650  24.600  44.380  55.190  23.660  40.390  62.260  26.100  40.060
  63.270  25.560  41.490  62.030  26.790  41.480  61.110  27.210  42.430  63.040
  27.220  42.360  63.830  26.480  42.090  63.640  28.600  42.870  64.370  28.800
  40.810  64.470  28.620  40.670  64.920  29.600  40.760  65.270  27.880  39.900
  63.900  28.420  42.070  62.720  29.630  42.240  63.210  30.440  43.870  62.590
  27.180  44.780  63.370  26.880  44.040  61.310  27.250  43.230  60.770  27.530
  45.350  60.620  26.920  46.120  61.380  26.740  45.880  59.740  28.040  45.240
  58.850  28.080  47.330  59.350  27.880  47.580  58.700  28.720  47.580  59.060
  26.860  48.010  60.190  28.040  45.670  60.410  29.450  44.600  60.620  29.460
  45.840  59.700  30.260  46.390  61.220  29.540  45.280  60.000  25.620  44.580
  59.040  25.360  46.060  60.520  24.670  46.850  61.080  24.980  46.230  59.950
  23.300  45.230  59.720  22.930  47.080  60.930  22.400  48.110  60.900  22.750
  46.600  61.900  22.520  46.990  60.530  20.930  47.140  59.480  20.680  47.780
  61.090  20.430  45.720  61.080  20.330  44.740  60.350  20.240  45.600  62.270
  19.970  46.980  58.600  23.430  47.950  58.570  24.120  46.720  57.500  22.680
  45.890  57.540  22.110  47.610  56.260  22.600  47.590  55.710  23.540  47.090
  55.340  21.470  47.580  54.370  21.520  47.270  55.790  20.500  45.680  55.160
  21.700  45.650  54.570  22.460  49.070  56.550  22.340  49.930  56.040  23.090
  49.400  57.610  21.620  48.670  58.100  21.120  50.790  58.060  21.380  51.360
  57.200  21.040  50.900  59.260  20.390  50.560  60.100  21.010  50.220  59.000
  19.580  52.340  59.560  19.840  52.750  58.730  19.280  52.970  59.880  20.680
  52.380  60.750  18.890  53.310  60.780  18.330  52.150  61.730  19.300  51.370
  60.570  17.920  50.500  61.050  18.070  51.430  59.880  16.750  52.430  59.240
  16.300  53.310  59.380  16.790  52.500  58.590  15.530  50.340  59.900  16.000
  49.410  59.930  16.380  50.450  59.540  15.060  51.620  58.350  22.660  52.730
  57.870  22.750  50.990  58.940  23.680  50.040  59.200  23.430  51.560  59.390
  24.950  52.460  59.970  24.740  50.410  60.200  25.560  50.670  60.360  26.610
  49.450  59.690  25.560  50.240  61.580  24.930  50.010  61.470  23.870  51.180
  62.130  24.810  49.150  62.340  25.670  48.020  62.540  25.260  49.490  62.790
  26.840  50.460  62.780  27.100  48.790  63.240  27.420  51.900  58.190  25.930
  53.010  58.120  26.540  51.080  57.140  25.880  50.320  57.240  25.210  51.190
  56.000  26.790  51.680  56.370  27.700  49.790  55.670  27.240  49.760  54.740
  27.810  49.270  56.490  27.740  49.230  55.560  26.310  52.090  54.910  26.120
  52.810  54.160  26.800  52.100  54.820  24.800  51.400  55.400  24.360  53.050
  54.080  24.050  53.040  53.080  24.470  52.730  53.940  22.570  52.610  54.890
  22.070  51.800  53.390  22.420  53.760  53.210  21.700  54.680  53.780  21.630
  53.340  53.160  20.700  54.230  51.790  22.170  53.490  50.990  22.720  55.480
  51.370  21.920  56.140  51.960  21.430  55.770  50.610  22.510  54.420  54.670
  24.240  55.280  53.850  24.490  54.690  56.030  24.160  53.910  56.620  23.910
  55.990  56.680  24.420  56.770  56.240  23.800  55.890  58.160  24.160  56.820
  58.650  24.460  55.150  58.560  24.850  55.680  58.500  22.680  56.120  57.710
  21.820  55.220  59.660  22.490  56.370  56.390  25.880  57.530  56.220  26.170
  55.420  56.300  26.810  54.490  56.610  26.590  55.680  55.880  28.210  56.480
  56.540  28.540  54.500  56.320  29.120  53.620  55.770  28.790  54.400  57.410
  29.080  54.660  55.970  30.620  54.900  54.910  30.620  55.660  56.830  31.360
  56.670  56.460  31.180  55.610  57.880  31.080  55.500  56.740  32.430  53.320
  56.230  31.240  53.340  55.800  32.240  53.270  57.320  31.300  52.490  55.880
  30.640  56.130  54.400  28.340  57.120  54.070  28.950  55.370  53.480  27.750
  54.580  53.760  27.180  55.700  52.040  27.670  55.770  51.550  28.640  54.640
  51.330  26.990  53.700  51.570  27.480  54.630  51.510  25.910  54.860  50.260
  27.010  57.080  51.840  27.050  57.920  51.160  27.650  57.340  52.480  25.920
  56.620  52.970  25.410  58.650  52.450  25.180  59.030  51.470  24.890  58.450
  53.220  23.960  58.200  54.250  24.200  57.580  52.800  23.440  59.580  53.170
  22.930  60.460  53.550  23.460  59.460  53.920  22.160  59.880  51.790  22.330
  58.970  51.470  21.830  60.180  51.120  23.130  60.950  51.920  21.380  61.520
  52.750  21.370  61.330  51.090  20.400  60.650  50.020  20.120  59.790  49.800
  20.620  60.940  49.450  19.350  62.400  51.330  19.760  63.020  52.090  20.040
  62.690  50.810  18.950  59.840  53.000  25.950  60.920  52.380  25.850  59.690
  53.990  26.840  58.760  54.330  27.050  60.700  54.460  27.800  61.550  54.330
  27.130  60.530  55.960  27.990  60.780  56.520  27.090  61.180  56.270  28.810
  59.220  56.320  28.250  58.710  56.120  27.460  60.950  53.570  29.000  62.080
  53.570  29.520  59.990  52.750  29.330  59.150  52.800  28.770  60.240  51.590
  30.200  61.080  51.880  30.830  58.970  51.360  31.060  58.990  50.480  31.700
  58.110  51.290  30.400  58.640  52.600  31.930  59.630  53.180  32.770  60.620
  52.750  32.810  59.300  54.260  33.640  60.050  54.760  34.230  57.990  54.720
  33.820  57.720  55.670  34.770  58.510  56.130  35.080  56.990  54.170  32.960
  55.960  54.490  33.000  57.310  53.100  32.070  56.460  52.740  31.500  60.720
  50.360  29.460  61.130  49.410  30.140  60.540  50.210  28.190  60.060  50.980
  27.750  60.790  49.000  27.380  61.810  48.640  27.450  60.670  49.320  26.350
  59.770  47.850  27.510  60.040  46.710  27.140  58.540  48.100  27.980  58.340
  49.080  28.110  57.480  47.150  28.400  57.970  46.180  28.500  56.890  47.450
  29.790  56.130  46.700  30.000  58.020  47.380  30.790  58.450  46.390  30.640
  58.750  48.160  30.560  57.640  47.480  31.800  56.200  48.820  29.760  55.490
  48.830  28.930  56.960  49.600  29.650  55.340  49.050  30.920  55.940  49.070
  31.830  54.870  50.030  30.950  54.570  48.290  31.000  56.340  47.070  27.370
  56.210  47.960  26.530  55.420  46.070  27.500  55.570  44.740  28.100  55.420
  44.770  29.170  56.550  44.380  27.780  54.420  43.940  27.600  53.630  43.780
  28.340  54.840  43.000  27.240  53.860  44.600  26.320  52.810  44.390  26.130
  54.310  44.190  25.420  54.270  46.080  26.630  54.540  46.450  25.640  53.070
  46.980  27.180  52.910  47.230  28.380  52.290  47.570  26.250  52.620  47.400
  25.310  51.180  48.520  26.440  51.000  48.570  27.510  51.430  49.910  25.920
  51.870  49.750  24.930  52.220  50.360  26.540  50.320  50.970  25.880  49.540
  51.250  27.000  49.760  50.730  27.910  48.620  52.280  26.970  48.100  52.650
  27.850  48.290  52.980  25.800  47.480  54.080  25.780  46.890  54.150  25.030
  49.170  52.880  24.740  49.120  53.520  23.870  50.180  51.840  24.760  50.950
  51.720  24.010  49.900  47.990  25.780  50.000  47.460  24.670  48.760  48.110
  26.470  48.880  48.480  27.400  47.420  47.670  26.130  47.550  47.610  25.050
  47.080  46.240  26.680  47.190  46.190  27.770  45.680  45.680  26.300  44.790
  46.250  26.590  45.720  45.620  25.210  45.510  44.720  26.770  48.080  45.200
  26.150  49.040  45.330  26.640  48.170  45.310  25.070  47.970  43.690  26.490
  48.960  43.260  26.310  47.800  43.710  27.570  47.130  43.170  26.030  46.350
  48.660  26.490  46.280  49.030  27.660  45.410  48.920  25.560  45.470  48.390
  24.700  44.170  49.710  25.960  44.400  50.130  26.940  43.880  50.860  24.950
  42.960  51.390  25.170  43.850  50.520  23.910  44.940  51.940  25.130  45.960
  51.580  24.950  44.870  52.260  26.170  44.730  53.030  24.130  43.660  53.180
  23.460  45.730  53.780  23.900  42.800  48.930  26.090  42.500  48.160  25.220
  42.010  49.210  27.100  42.220  49.910  27.790  40.970  48.290  27.580  40.690
  47.580  26.790  41.600  47.440  28.770  40.890  46.770  29.250  42.790  46.580
  28.400  42.970  45.880  29.220  42.570  45.950  27.530  43.660  47.220  28.250
  42.100  48.350  29.730  42.710  47.810  30.230  39.720  49.010  28.120  39.650
  50.270  28.330  38.650  48.210  28.380  38.640  47.230  28.160  37.400  48.650
  29.030  37.610  49.380  29.810  36.460  49.250  27.960  36.520  48.590  27.090
  36.940  50.200  27.740  35.100  49.360  28.390  34.940  50.260  28.690  36.760
  47.560  29.800  36.230  46.620  29.180  36.680  47.750  31.120  37.060  48.620
  31.450  35.940  46.840  32.030  36.310  45.810  32.040  36.260  47.320  33.450
  37.330  47.190  33.600  36.010  48.370  33.570  35.680  46.670  34.120  34.510
  46.830  31.750  33.810  45.830  31.950  34.000  48.030  31.240  34.590  48.850
  31.130  32.570  48.010  30.740  31.840  47.820  31.530  32.190  49.440  30.350
  32.670  49.640  29.400  32.480  50.150  31.130  30.670  49.700  30.140  30.210
  49.810  31.120  30.150  48.860  29.680  30.430  51.050  29.370  30.810  51.020
  28.350  30.770  51.890  29.980  28.980  51.330  29.290  28.950  52.350  28.900
  28.480  51.310  30.260  28.160  50.470  28.320  28.580  50.460  27.400  27.930
  49.590  28.750  27.240  50.880  28.220  32.260  47.090  29.560  31.210  46.390
  29.600  33.110  47.030  28.560  33.970  47.550  28.630  32.830  46.210  27.360
  31.770  45.970  27.230  33.170  47.010  26.100  32.820  46.400  25.270  32.310
  48.290  26.010  32.560  48.930  25.170  31.260  48.120  25.790  32.370  48.900
  26.920  34.540  47.260  26.090  34.610  47.740  25.260  33.600  44.950  27.290
  33.430  44.110  26.350  34.440  44.690  28.300  34.690  45.380  28.990  35.350
  43.580  28.430  35.960  43.640  29.330  34.680  42.180  28.520  34.460  41.960
  27.470  33.730  42.270  29.040  35.540  41.000  29.160  35.850  41.230  30.180
  36.410  40.800  28.530  34.680  39.680  29.190  34.240  39.610  28.200  33.780
  39.890  29.780  35.420  38.490  29.570  36.090  38.190  28.880  35.370  37.700
  30.570  34.510  37.930  31.510  34.330  38.910  31.670  34.640  37.330  32.310
  36.050  36.660  30.660  36.700  36.530  29.890  35.830  35.940  31.330  36.520
  43.550  27.390  37.320  42.610  27.300  36.640  44.590  26.540  36.100  45.410
  26.800  37.570  44.680  25.440  37.450  43.820  24.780  37.190  46.000  24.740
  37.100  46.760  25.510  36.280  45.750  24.190  38.160  46.570  23.670  39.140
  46.800  24.070  37.900  47.600  23.430  38.220  45.820  22.350  37.500  44.860
  22.040  39.220  46.120  21.570  39.880  46.790  21.940  39.450  45.440  20.860
  39.010  44.790  25.940  39.430  45.700  26.680  39.830  43.900  25.380  39.490
  43.230  24.710  41.270  43.740  25.640  41.830  44.640  25.380  41.550  42.970
  24.920  41.650  43.280  27.070  42.800  43.360  27.400  40.690  42.860  27.860
  39.750  43.060  27.550  40.890  42.770  29.340  41.500  43.600  29.690  39.490
  42.760  30.020  38.790  42.100  29.510  39.450  42.350  31.510  39.920  43.110
  32.130  38.410  42.220  31.800  39.880  41.360  31.700  38.830  44.190  29.950
  37.870  44.260  30.470  39.570  44.830  30.430  38.830  44.580  28.940  41.600
  41.470  29.790  42.580  41.440  30.560  41.240  40.330  29.140  40.510  40.320
  28.440  41.870  39.080  29.460  41.950  38.960  30.540  41.020  38.010  28.850
  41.490  37.030  28.910  40.950  38.110  27.760  39.580  37.920  29.480  39.030
  38.810  29.170  39.560  37.840  30.560  38.770  36.680  28.980  37.650  36.850
  28.480  39.140  35.490  29.160  43.320  38.990  28.930  44.300  38.520  29.530
  43.580  39.590  27.800  42.750  40.070  27.500  44.890  39.750  27.100  45.390
  38.790  27.000  44.660  40.360  25.720  44.500  41.420  25.880  43.760  39.990
  25.240  45.830  40.180  24.850  46.410  39.070  24.760  46.190  41.170  24.100
  45.830  40.610  28.000  47.050  40.220  28.070  45.370  41.640  28.790  44.390
  41.870  28.880  46.330  42.340  29.640  47.260  42.550  29.120  45.610  43.590
  30.180  46.140  44.030  31.020  45.540  44.340  29.390  44.590  43.340  30.450
  46.770  41.510  30.810  47.990  41.500  31.030  45.840  40.670  31.430  44.850
  40.740  31.270  46.300  39.660  32.370  46.920  40.090  33.150  45.170  39.010
  33.050  45.480  38.000  33.330  44.340  38.860  32.360  44.710  39.760  34.310
  45.120  39.180  35.500  45.670  38.260  35.560  44.820  39.940  36.640  45.110
  39.550  37.600  44.220  41.260  36.560  44.150  41.800  37.490  43.830  41.790
  35.360  43.410  42.780  35.230  44.050  41.020  34.210  43.760  41.510  33.290
  47.250  38.660  31.770  48.260  38.320  32.310  46.840  38.130  30.650  46.030
  38.590  30.250  47.620  37.050  30.090  47.850  36.310  30.850  46.780  36.320
  29.030  47.430  35.710  28.400  46.440  37.120  28.370  45.590  35.470  29.380
  44.920  35.510  30.650  45.140  36.230  31.420  43.920  34.590  30.930  43.390
  34.830  31.840  43.500  33.690  29.920  42.440  32.890  30.220  42.280  32.180
  29.590  44.150  33.730  28.620  43.970  32.990  27.850  45.190  34.630  28.390
  45.780  34.660  27.490  48.910  37.540  29.550  49.900  36.790  29.530  49.010
  38.870  29.320  48.180  39.430  29.200  50.240  39.440  28.890  50.790  38.750
  28.250  50.030  40.800  28.100  49.450  41.510  28.690  51.390  41.550  27.750
  51.940  40.840  27.130  51.060  42.440  27.220  51.960  41.810  28.640  49.430
  40.530  26.880  48.510  40.310  27.010  51.180  39.610  30.060  52.330  39.320
  29.880  50.750  39.820  31.280  49.790  40.120  31.370  51.590  39.750  32.530
  52.470  40.340  32.290  50.910  40.380  33.750  50.060  39.740  34.030  50.520
  41.380  33.570  51.770  40.480  35.000  52.230  39.520  35.240  52.910  41.450
  34.790  53.500  41.140  33.930  52.480  42.430  34.570  53.540  41.450  35.690
  50.890  40.920  36.140  51.280  40.660  37.120  50.650  41.970  35.980  49.960
  40.370  36.030  52.080  38.310  32.770  53.270  38.080  32.950  51.270  37.280
  32.680  50.310  37.420  32.380  51.680  35.880  32.920  52.050  35.870  33.950
  50.470  34.940  32.930  50.080  35.020  31.910  51.020  33.510  33.240  50.180
  32.820  33.290  51.660  33.270  32.390  51.580  33.480  34.180  49.510  35.400
  33.990  48.790  34.590  34.120  50.080  35.540  34.910  49.060  36.360  33.770
  52.740  35.470  31.900  53.740  34.860  32.320  52.640  35.910  30.640  51.860
  36.520  30.470  53.720  35.680  29.620  53.990  34.630  29.670  53.100  35.750
  28.270  53.910  35.520  27.570  52.790  36.760  28.010  51.980  34.760  27.870
  51.150  34.860  28.570  52.380  33.750  27.810  51.380  35.110  26.460  50.720
  34.280  26.190  52.150  34.960  25.690  50.760  36.360  26.320  51.190  37.220
  26.640  49.470  36.460  26.120  48.620  35.460  25.920  48.900  34.490  25.920
  47.630  35.670  25.940  48.930  37.680  26.170  49.520  38.490  26.190  47.990
  37.710  25.820  54.990  36.510  29.820  56.120  36.040  29.670  54.850  37.770
  30.330  53.900  37.930  30.620  55.960  38.510  30.840  56.710  38.410  30.060
  55.440  39.910  31.080  56.180  40.370  31.740  54.500  39.880  31.620  55.320
  40.760  29.770  54.990  41.750  30.090  54.670  40.230  29.090  56.690  40.940
  29.080  57.660  41.500  29.560  56.710  40.520  27.940  56.650  37.920  32.090
  57.910  38.150  32.210  55.870  37.150  32.900  54.870  37.260  32.810  56.530
  36.370  33.980  57.360  36.980  34.320  55.550  35.990  35.190  54.720  35.440
  34.750  56.370  35.170  36.200  56.640  34.210  35.770  57.290  35.730  36.410
  55.820  35.060  37.130  54.860  37.140  35.860  54.320  37.770  35.150  55.610
  37.780  36.330  53.730  36.760  36.790  53.010  36.120  36.280  54.120  36.320
  37.710  53.130  37.600  37.140  57.190  35.130  33.320  58.390  34.850  33.540
  56.510  34.380  32.410  55.530  34.590  32.270  56.990  33.080  32.010  57.230
  32.540  32.920  55.830  32.250  31.440  55.660  32.660  30.450  54.960  32.400
  32.080  56.050  30.780  31.280  56.460  30.450  32.240  56.820  30.590  30.540
  54.760  30.060  31.020  54.170  30.080  31.940  54.970  28.990  31.050  54.050
  30.390  29.770  54.640  30.670  28.990  52.780  30.370  29.510  51.880  30.030
  30.350  52.210  29.760  31.260  50.940  29.730  30.130  52.330  30.740  28.380
  53.000  31.070  27.700  51.330  30.790  28.220  58.340  33.160  31.240  59.230
  32.300  31.370  58.520  34.260  30.520  57.770  34.880  30.270  59.770  34.470
  29.770  60.260  33.500  29.700  59.370  34.850  28.390  60.290  34.900  27.800
  58.900  35.830  28.370  58.560  33.880  27.590  57.490  34.010  27.750  58.860
  32.850  27.760  58.710  34.190  26.120  58.980  35.310  25.700  58.510  33.280
  25.260  58.370  32.310  25.510  58.550  33.470  24.270  60.770  35.440  30.400
  61.710  35.960  29.830  60.610  35.800  31.630  59.800  35.480  32.140  61.550
  36.720  32.330  61.760  37.660  31.830  60.930  37.020  33.690  60.870  36.100
  34.270  59.930  37.430  33.560  61.680  38.030  34.460  62.140  37.920  35.770
  62.710  39.070  36.090  63.120  39.280  37.070  62.590  39.950  35.050  62.890
  40.910  35.000  61.960  39.280  34.010  61.560  39.750  33.120  62.920  36.080
  32.550  63.880  36.900  32.460  62.990  34.940  33.070  38.640  52.220  59.590
  38.990  53.000  60.140  39.240  51.420  59.690  38.540  52.510  58.630  37.340
  51.880  60.260  37.610  51.660  61.290  36.370  53.030  60.240  36.160  53.250
  59.190  36.740  53.930  60.740  35.080  52.680  60.960  34.870  53.030  62.130
  34.110  52.080  60.370  34.100  51.640  59.470  33.360  52.010  61.050  36.800
  50.630  59.670  35.810  50.460  58.940  37.550  49.580  59.950  38.300  49.560
  60.630  37.690  48.340  59.120  36.750  48.350  58.560  38.940  48.370  58.250
  38.990  47.390  57.760  38.930  49.340  57.110  38.770  50.360  57.450  39.870
  49.340  56.570  38.120  49.050  56.440  40.120  48.530  58.900  40.410  47.660
  59.220  37.680  47.020  59.890  37.850  46.980  61.090  37.380  45.910  59.270
  36.890  45.960  58.390  37.800  44.550  59.660  38.380  44.630  60.580  36.530
  43.630  59.930  36.160  43.190  59.010  36.900  42.460  60.900  36.120  41.810
  61.270  37.640  41.900  60.320  37.410  42.890  61.760  35.240  44.360  60.490
  34.960  45.190  59.850  35.330  44.650  61.540  33.980  43.480  60.570  33.290
  44.190  61.030  33.560  43.260  59.590  34.110  42.590  61.190  38.650  43.950
  58.580  38.280  44.080  57.400  39.650  43.090  58.920  39.820  42.810  59.870
  40.220  42.100  58.000  40.070  42.510  57.000  41.760  41.990  58.200  41.920
  41.600  59.210  42.200  42.980  58.050  42.390  40.920  57.200  42.050  41.070
  56.170  42.070  39.900  57.400  43.920  41.020  57.330  44.340  40.070  56.990
  44.200  41.240  58.360  44.430  42.020  56.370  44.210  42.010  55.380  45.110
  43.100  56.780  45.450  43.410  57.990  45.250  42.750  58.730  45.730  44.320
  58.330  45.410  44.020  55.930  45.490  43.730  54.970  46.000  44.730  56.350
  39.560  40.740  58.100  39.340  40.240  59.230  39.270  40.190  56.970  39.470
  40.660  56.100  38.580  38.930  56.790  38.730  38.380  57.720  37.090  39.080
  56.550  36.970  39.380  55.510  36.460  37.710  56.750  35.380  37.810  56.890
  36.620  37.200  55.800  36.870  37.190  57.610  36.430  40.170  57.450  36.750
  41.150  57.100  35.350  40.150  57.310  36.790  40.000  58.460  39.280  38.040
  55.720  39.390  38.500  54.570  39.700  36.830  56.140  39.490  36.550  57.090
  40.130  35.760  55.150  40.540  36.190  54.240  41.330  34.970  55.740  41.670
  34.220  55.020  41.010  34.550  56.700  42.590  35.710  55.990  43.510  35.700
  54.960  43.320  35.170  54.040  44.690  36.440  55.060  45.490  36.350  54.340
  44.880  37.230  56.160  45.820  37.750  56.250  44.000  37.260  57.210  44.180
  37.780  58.140  42.860  36.430  57.140  42.260  36.460  58.040  38.940  34.880
  54.750  37.860  34.860  55.380  39.060  34.230  53.600  39.920  34.310  53.080
  37.940  33.670  52.970  37.080  33.510  53.630  37.530  34.580  51.840  36.620
  34.160  51.400  38.400  34.530  51.180  37.070  36.000  52.260  37.860  36.570
  52.760  36.940  36.800  50.980  36.770  37.820  51.310  37.890  36.870  50.450
  36.090  36.450  50.390  35.670  36.050  52.950  35.400  37.110  52.960  34.930
  35.400  52.480  35.810  35.710  53.970  38.290  32.290  52.400  39.480  31.980
  52.340  37.370  31.490  51.900  35.940  31.540  52.200  35.440  32.310  51.600
  35.760  31.820  53.240  35.390  30.130  51.870  34.390  30.130  51.440  35.430
  29.470  52.740  36.380  29.520  50.930  36.210  29.900  49.920  36.430  28.440
  51.040  37.690  30.160  51.260  38.250  29.520  51.940  38.500  30.280  50.030
  38.610  31.310  49.330  39.070  29.240  49.540  38.890  28.350  49.980  40.000
  29.130  48.430  40.440  28.140  48.340  39.120  29.170  47.120  38.900  30.170
  46.740  38.190  28.610  47.260  39.820  28.520  45.980  40.470  29.230  45.280
  39.690  27.260  45.740  39.220  26.750  46.480  40.040  26.850  44.890  41.200
  30.110  48.520  41.530  30.770  47.540  41.800  30.230  49.730  41.340  29.660
  50.420  42.960  31.090  49.970  42.910  31.240  51.050  44.320  30.480  49.700
  45.050  31.280  49.810  44.370  30.230  48.640  44.660  29.290  50.550  44.040
  28.420  50.320  44.460  29.580  51.580  46.170  28.850  50.480  46.350  28.010
  51.160  46.790  29.670  50.810  46.570  28.330  49.090  46.190  29.010  48.320
  46.110  27.350  48.960  48.030  28.430  49.030  48.260  28.020  48.130  48.370
  29.380  48.950  48.410  28.020  49.870  42.790  32.510  49.390  43.610  33.010
  48.690  41.640  33.160  49.650  40.950  32.790  50.290  41.440  34.640  49.300
  42.320  34.970  48.760  40.080  34.670  48.410  39.740  35.670  48.150  39.340
  34.050  48.900  40.440  34.030  47.030  40.990  33.090  47.110  41.080  34.670
  46.430  39.170  33.730  46.230  38.950  34.360  45.190  38.310  32.900  46.720
  38.520  32.380  47.570  37.430  32.690  46.270  41.350  35.480  50.590  41.140
  34.990  51.730  41.480  36.820  50.430  41.560  37.150  49.470  41.320  37.830
  51.530  40.740  37.330  52.300  42.670  38.150  52.120  43.150  37.200  52.360
  42.430  38.710  53.020  43.640  39.160  51.430  43.110  39.900  50.830  44.270
  38.730  50.660  44.530  39.800  52.460  43.880  40.190  53.250  45.000  40.650
  51.990  45.680  38.930  52.890  45.910  38.100  52.370  46.580  39.230  53.820
  46.520  40.330  54.560  46.000  41.150  54.280  47.250  40.520  55.240  47.650
  38.490  54.040  47.800  37.700  53.430  48.150  38.690  54.900  40.640  39.140
  51.160  40.390  39.460  49.970  40.190  39.880  52.220  40.390  39.530  53.150
  39.580  41.180  52.080  40.090  41.650  51.230  38.110  40.890  51.780  38.090
  40.250  50.900  37.200  40.310  52.860  36.200  40.170  52.440  37.490  39.280
  53.060  37.100  40.900  53.770  37.440  42.100  51.450  37.710  42.270  50.550
  39.820  42.000  53.390  39.960  41.570  54.550  39.780  43.300  53.170  39.650
  43.560  52.200  39.570  44.400  54.190  39.410  43.960  55.180  40.880  45.230
  54.330  41.190  45.730  53.410  40.790  46.370  55.380  41.710  46.940  55.490
  40.150  47.140  54.940  40.330  46.130  56.340  42.030  44.330  54.790  42.890
  44.920  55.110  41.760  43.760  55.680  42.310  43.620  54.010  38.340  45.210
  53.900  38.280  45.880  52.890  37.360  45.120  54.800  37.560  44.570  55.630
  35.990  45.740  54.560  36.000  46.080  53.530  34.700  44.770  54.660  33.810
  45.400  54.650  34.680  43.950  53.330  34.540  44.530  52.420  35.620  43.430
  53.180  33.870  43.220  53.420  34.710  43.850  55.890  35.180  42.920  55.570
  35.190  44.210  56.800  33.660  43.630  56.060  35.890  47.000  55.410  36.260
  47.070  56.600  35.420  48.060  54.720  35.200  47.960  53.740  35.100  49.290
  55.410  35.870  49.420  56.170  35.270  50.380  54.360  34.770  50.200  53.410
  36.330  50.450  54.110  34.720  51.720  54.900  35.330  52.370  55.740  33.620
  52.150  54.330  33.240  51.640  53.540  33.360  53.080  54.620  33.770  49.130
  56.070  32.810  48.850  55.430  33.630  49.290  57.360  34.480  49.460  57.880
  32.400  49.080  58.080  31.780  48.310  57.610  32.730  48.570  59.450  33.370
  49.270  59.980  31.470  48.380  60.310  31.610  47.710  61.150  30.990  49.300
  60.660  30.750  47.860  59.680  33.370  47.140  59.380  33.240  46.590  60.310
  32.780  46.570  58.650  34.370  47.230  58.960  31.600  50.410  58.120  32.180
  51.470  58.330  30.250  50.390  57.880  29.850  49.480  57.710  29.390  51.590
  57.810  30.120  52.380  57.970  28.670  51.630  56.500  28.230  52.630  56.440
  27.850  50.930  56.410  29.560  51.360  55.250  29.740  50.280  55.170  30.520
  51.850  55.400  28.870  52.060  54.120  28.490  53.010  54.500  28.000  51.440
  53.880  29.720  52.250  52.910  30.560  51.680  53.010  29.440  52.760  51.730
  28.400  53.460  51.510  27.780  53.760  52.250  28.420  53.830  50.570  30.130
  52.520  50.690  30.960  51.950  50.760  29.730  52.890  49.840  28.430  51.550
  58.950  28.340  50.600  59.720  27.730  52.680  59.160  27.890  53.530  58.630
  26.780  52.910  60.330  27.290  52.660  61.270  26.280  54.390  60.450  25.590
  54.400  61.290  25.700  54.650  59.570  27.310  55.420  60.770  28.500  55.200
  60.970  26.880  56.670  60.700  25.910  56.960  60.690  27.510  57.450  60.800
  25.590  51.870  60.160  24.860  51.860  59.160  25.370  51.030  61.210  26.050
  51.040  61.960  24.220  50.100  61.170  23.410  50.560  60.610  23.850  49.880
  62.180  24.400  48.740  60.460  23.400  48.020  60.210  25.670  48.400  60.090
  26.420  49.060  60.230  26.110  47.130  59.590  25.410  46.700  58.880  27.400
  47.330  58.710  27.780  46.330  58.500  28.120  47.790  59.370  27.260  48.190
  57.460  27.130  49.230  57.730  26.330  47.820  57.020  28.680  47.840  56.340
  27.790  47.750  54.750  28.360  47.660  53.830  27.160  46.860  54.780  27.080
  48.560  54.660  26.270  46.030  60.650  27.140  46.240  61.500  25.620  44.940
  60.390  24.820  44.870  59.770  26.200  43.700  60.970  26.550  43.800  62.000
  25.080  42.650  61.090  24.260  43.070  61.670  25.430  41.710  61.530  24.700
  42.350  59.770  24.320  43.080  59.270  27.290  43.090  60.060  27.720  43.590
  59.030  27.790  42.050  60.580  27.370  41.680  61.430  28.860  41.210  59.930
  29.630  41.940  59.690  29.400  40.140  60.980  28.590  39.530  61.350  29.850
  40.660  61.830  30.470  39.180  60.430  30.030  38.680  59.570  31.810  39.890
  60.030  32.480  39.130  59.640  31.590  40.580  59.230  32.370  40.460  60.770
  30.760  38.090  61.530  31.650  37.540  61.230  30.770  38.510  62.540  30.000
  37.320  61.620  28.450  40.650  58.590  29.250  40.610  57.630  27.180  40.290
  58.400  26.580  40.370  59.200  26.610  39.830  57.210  27.240  39.020  56.840
  25.170  39.340  57.470  24.540  40.160  57.810  25.220  38.560  58.230  24.580
  38.760  56.260  24.100  39.520  55.190  23.520  40.330  55.340  23.760  38.570
  54.260  23.160  38.760  53.380  24.100  37.360  54.630  24.560  37.450  55.990
  24.870  36.580  56.550  26.490  41.070  56.310  27.050  40.960  55.210  26.070
  42.260  56.770  25.810  42.350  57.740  25.980  43.430  55.870  25.350  43.160
  55.020  25.310  44.660  56.490  25.260  45.440  55.720  25.990  45.070  57.240
  23.970  44.320  57.080  22.900  44.190  56.370  23.910  44.350  58.320  27.380
  43.880  55.320  27.510  44.170  54.170  28.490  43.880  56.100  28.350  43.660
  57.080  29.750  44.400  55.540  29.550  45.280  54.940  30.530  44.760  56.740
  29.930  45.280  57.490  31.350  45.450  56.510  31.160  43.290  57.590  30.140
  42.480  57.880  30.440  43.520  54.520  31.480  43.810  53.920  29.920  42.290
  54.250  29.070  42.100  54.760  30.550  41.230  53.410  31.480  41.510  52.920
  30.740  39.980  54.340  30.960  39.100  53.730  29.780  39.770  54.820  31.970
  40.150  55.360  31.910  41.080  55.920  32.000  38.990  56.380  31.120  39.020
  57.010  31.910  38.000  55.910  32.820  39.090  57.090  33.310  40.150  54.610
  33.530  39.230  54.080  33.270  40.910  53.830  34.050  40.290  55.400  29.670
  40.860  52.150  30.180  40.080  51.330  28.440  41.410  52.060  28.120  42.090
  52.740  27.410  41.100  51.050  27.280  40.020  51.050  26.060  41.820  51.340
  25.380  41.470  50.560  26.270  42.880  51.190  25.360  41.560  52.690  25.920
  42.080  53.460  25.420  40.480  52.820  23.620  42.130  52.990  23.660  43.630
  52.020  23.790  43.420  50.960  22.780  44.250  52.220  24.430  44.290  52.420
  27.760  41.540  49.570  27.160  40.960  48.680  28.680  42.530  49.300  29.220
  42.910  50.060  29.440  42.580  48.030  28.760  42.350  47.200  29.870  44.070
  47.840  30.570  44.410  48.600  28.920  44.590  47.990  30.430  44.300  46.410
  29.710  43.790  45.780  31.400  43.800  46.340  30.640  45.790  46.110  31.130
  45.820  45.130  31.480  46.060  46.740  29.360  46.620  46.190  28.750  46.390
  47.060  28.830  46.560  45.240  29.840  48.020  46.340  29.000  48.590  46.350
  30.320  48.080  47.230  30.310  48.460  45.560  30.650  41.640  47.950  30.680
  40.850  47.030  31.560  41.740  48.930  31.370  42.370  49.690  32.860  41.050
  48.830  33.310  41.540  47.970  33.660  41.500  50.050  33.650  42.590  50.000
  33.170  41.270  50.990  34.710  41.200  50.020  32.700  39.500  48.620  33.580
  38.920  47.980  31.600  38.880  49.200  31.150  39.330  49.990  31.340  37.450
  48.930  32.300  36.950  48.930  30.380  36.930  50.030  30.020  35.940  49.780
  29.480  37.550  50.070  30.970  36.920  51.410  31.350  37.910  51.650  30.050
  36.740  52.560  30.490  37.060  53.500  29.220  37.440  52.460  29.630  35.730
  52.590  32.150  35.880  51.590  33.010  36.160  50.970  32.450  35.910  52.630
  31.860  34.860  51.340  30.790  37.330  47.500  31.290  36.480  46.790  29.810
  38.190  47.160  29.590  38.940  47.800  29.030  38.000  45.940  28.700  36.970
  46.060  27.840  39.000  45.970  28.280  39.990  46.010  27.260  38.770  46.870
  27.030  38.890  44.680  26.680  37.860  44.680  27.570  39.050  43.740  25.950
  39.880  44.630  25.410  39.730  43.690  26.390  40.870  44.500  25.020  39.730
  45.830  25.180  38.730  46.240  24.010  39.690  45.440  25.000  40.900  46.770
  24.280  40.760  47.460  25.890  40.920  47.250  24.800  41.730  46.230  30.020
  38.130  44.720  29.920  37.330  43.800  30.960  39.010  44.740  30.920  39.660
  45.520  32.000  39.110  43.700  31.510  39.080  42.720  32.680  40.490  43.740
  33.200  40.540  42.780  31.680  41.630  43.630  32.160  42.600  43.470  31.050
  41.440  42.760  31.020  41.670  44.490  33.590  40.650  44.930  33.910  41.700
  44.950  33.050  40.320  45.810  34.490  40.080  44.680  32.990  37.930  43.630
  33.660  37.800  42.580  33.070  37.110  44.660  32.650  37.360  45.540  33.910
  35.940  44.700  34.590  35.770  43.860  34.650  35.850  46.020  35.060  34.860
  46.210  33.970  36.140  46.820  35.790  36.920  46.110  35.380  37.930  46.050
  36.440  36.770  45.260  36.660  36.720  47.340  37.210  35.780  47.260  36.080
  36.600  48.250  37.630  37.800  47.580  38.580  37.640  47.310  37.510  39.090
  47.820  36.310  39.570  48.150  35.490  38.990  48.070  36.070  40.530  47.960
  38.420  39.890  47.800  39.340  39.560  47.540  38.340  40.770  48.280  33.020
  34.700  44.590  33.360  33.530  44.750  31.740  34.900  44.350  31.370  35.830
  44.240  30.760  33.830  44.010  31.070  33.150  43.210  29.950  34.330  43.490
  30.330  32.980  45.200  29.710  31.920  45.040  30.590  33.520  46.380  30.970
  34.440  46.480  30.330  32.770  47.580  30.260  31.700  47.350  31.450  32.870
  48.640  31.160  32.330  49.540  31.640  33.890  48.970  32.740  32.280  48.060
  32.830  32.560  47.020  34.010  32.790  48.720  34.070  32.350  49.720  34.880
  32.440  48.150  33.960  33.880  48.750  32.950  30.720  48.040  32.050  30.230
  47.660  33.720  30.390  47.340  33.010  30.430  49.090  29.040  33.140  48.300
  28.540  34.260  48.200  28.520  32.230  49.140  29.040  31.380  49.300  27.270
  32.420  49.850  26.970  33.440  49.600  26.330  31.330  49.430  25.430  31.390
  50.040  26.690  30.320  49.620  25.830  31.430  47.930  26.720  31.520  47.310
  25.230  32.340  47.860  25.040  30.130  47.570  25.520  29.400  46.710  23.950
  29.830  48.110  23.600  30.430  48.840  23.450  29.030  47.750  27.480  32.370
  51.390  27.850  31.300  51.950  26.970  33.380  52.200  26.340  34.620  51.730
  25.570  34.460  50.980  27.140  35.300  51.460  25.600  35.200  53.000  24.650
  34.680  53.140  25.580  36.290  53.020  26.570  34.740  54.120  26.090  34.770
  55.100  27.450  35.380  53.970  27.010  33.330  53.710  28.040  33.160  54.050
  26.190  32.200  54.360  26.690  31.630  55.310  25.000  31.860  53.820  24.710
  32.450  53.060  24.190  30.700  54.170  23.960  30.780  55.230  22.830  30.720
  53.480  22.240  31.590  53.760  22.260  29.890  53.910  22.940  30.580  51.940
  22.020  30.110  51.590  23.650  29.800  51.700  23.060  31.780  51.110  23.710
  32.780  51.600  22.570  31.750  49.980  24.950  29.380  53.860  24.400  28.310
  54.060  26.080  29.400  53.200  26.390  30.240  52.730  26.990  28.260  53.040
  26.440  27.330  53.170  27.540  28.090  51.550  28.430  27.460  51.450  27.840
  29.060  51.140  26.160  27.430  50.590  26.770  27.620  49.410  28.110  28.150
  54.090  28.850  27.180  54.100  28.260  29.100  54.950  27.580  29.840  54.930
  29.460  29.280  55.740  30.160  28.440  55.720  30.290  30.360  55.140  31.180
  30.580  55.720  29.650  31.230  55.180  30.780  29.880  53.430  29.770  30.260
  52.640  29.330  29.600  57.260  28.410  30.220  57.720  30.360  29.210  57.980
  31.140  28.770  57.500  30.690  29.670  59.330  29.820  30.160  59.750  30.990
  28.470  60.300  31.810  27.900  59.860  31.300  28.870  61.270  30.080  27.870
  60.420  31.890  30.610  59.330  32.820  30.390  58.510  31.910  31.550  60.290
  31.310  31.510  61.100  32.920  32.630  60.420  33.750  32.380  59.770  32.390
  33.950  59.830  32.160  33.670  58.800  30.940  34.240  60.460  30.530  35.220
  60.220  30.220  33.540  60.040  30.910  34.120  61.540  33.230  35.150  59.960
  32.850  36.010  59.410  33.210  35.430  61.020  34.260  35.040  59.600  33.400
  32.780  61.910  32.700  32.470  62.840  34.670  33.160  62.020  35.150  33.400
  61.160  35.540  32.950  63.120  34.910  32.770  63.990  36.560  31.790  62.770
  37.320  31.660  63.540  36.950  32.020  61.780  35.680  30.530  62.610  35.240
  30.090  61.330  35.490  30.710  60.480  34.410  28.970  61.230  33.970  28.660
  60.290  34.040  28.350  62.450  33.390  27.490  62.430  34.490  28.770  63.680
  34.190  28.270  64.590  35.270  29.950  63.770  35.570  30.380  64.710  36.400
  34.160  63.480  36.920  34.800  62.580  36.770  34.410  64.730  36.290  33.810
  65.380  37.750  35.400  65.200  37.960  36.110  64.400  37.240  36.190  66.440
  37.180  35.440  67.230  36.300  36.690  66.240  38.230  37.250  67.030  38.470
  37.990  66.270  39.120  36.700  67.350  37.570  37.800  68.240  37.420  37.080
  69.050  36.660  38.370  68.070  38.470  38.820  68.870  38.980  39.420  68.240
  38.580  39.100  70.170  37.990  38.470  71.150  37.310  37.750  70.940  38.150
  38.690  72.120  39.500  39.940  70.510  40.120  40.360  69.820  39.610  40.130
  71.490  39.190  34.820  65.490  39.250  33.850  66.250  40.270  35.390  64.950
  40.160  36.150  64.290  41.700  34.960  65.220  41.700  33.890  65.410  42.620
  35.170  63.970  43.510  34.580  64.200  42.950  36.200  63.850  42.110  34.660
  62.590  41.360  35.390  62.280  43.240  34.580  61.550  44.130  34.180  62.030
  42.980  33.970  60.680  43.560  35.590  61.280  41.510  33.270  62.660  41.210
  32.810  61.720  42.180  32.580  63.160  40.640  33.210  63.310  42.170  35.680
  66.560  41.980  36.840  66.770  42.780  34.850  67.460  42.890  33.880  67.190
  43.120  35.340  68.850  42.790  36.340  69.140  42.400  34.370  69.770  42.740
  34.670  70.760  42.750  33.360  69.550  40.870  34.250  69.610  40.560  33.930
  68.620  40.310  33.230  70.600  40.610  32.240  70.250  40.670  33.470  71.600
  39.230  33.390  70.540  40.210  35.600  69.820  39.150  35.410  69.710  40.500
  35.930  70.820  40.520  36.240  68.990  44.620  35.330  69.050  45.230  34.270
  69.120  45.280  36.470  69.170  44.740  37.310  69.030  46.710  36.440  69.060
  46.940  35.750  68.250  47.250  37.820  68.700  48.340  37.900  68.700  46.910
  38.560  69.430  46.760  38.250  67.380  45.520  38.820  67.060  44.790  39.020
  67.730  45.410  38.820  65.750  44.560  39.240  65.220  46.520  38.330  65.190
  47.370  37.880  66.190  48.260  37.300  65.970  47.440  35.960  70.330  48.570
  35.450  70.350  46.780  36.070  71.550  45.840  36.430  71.640  47.490  35.640
  72.830  48.500  36.020  72.720  46.860  36.320  74.090  47.490  36.200  74.970
  45.840  36.000  74.310  46.770  37.860  73.920  46.100  38.250  74.690  46.320
  38.210  73.000  48.140  38.540  74.080  48.490  38.850  75.240  48.960  38.550
  73.140  47.690  34.180  73.200  48.330  33.950  74.240  47.110  33.310  72.350
  46.520  33.730  71.640  47.300  31.830  72.440  48.240  31.570  72.930  46.080
  31.260  73.190  46.020  30.170  73.220  45.230  31.620  72.620  45.940  31.870
  74.540  45.110  32.900  74.960  44.630  33.500  74.310  45.430  33.180  76.220
  45.100  34.070  76.740  46.370  32.320  76.690  46.760  31.510  75.590  47.530
  30.750  75.610  47.360  31.270  71.020  46.400  31.290  70.280  48.550  30.840
  70.580  49.290  30.810  71.280  48.920  30.580  69.180  48.630  31.380  68.490
  50.470  30.570  69.040  50.900  30.000  69.860  50.870  31.570  69.200  51.180
  30.090  67.760  51.000  29.020  67.640  52.240  30.220  67.960  50.790  30.940
  66.550  49.730  30.930  66.340  51.360  30.500  65.730  51.290  32.390  66.640
  52.290  32.380  67.090  50.510  32.890  67.190  51.130  33.060  65.310  51.880
  32.780  64.690  50.260  32.880  64.830  51.190  34.060  65.390  48.200  29.360
  68.560  48.420  28.210  68.970  47.370  29.590  67.510  47.240  30.550  67.210
  46.620  28.520  66.850  47.120  27.560  66.980  46.740  28.800  65.810  45.170
  28.430  67.270  44.530  27.500  66.810  44.610  29.250  68.170  45.180  30.020
  68.500  43.200  29.110  68.600  42.880  28.070  68.520  43.120  29.610  70.060
  42.060  29.780  70.250  43.610  30.590  70.090  43.580  28.690  71.220  42.760
  27.980  71.340  43.680  29.280  72.130  44.880  27.950  70.900  45.680  28.690
  70.950  44.890  27.380  69.970  45.050  26.940  72.010  44.100  26.400  72.020
  45.160  27.500  72.940  46.230  26.090  71.760  46.330  25.390  72.490  46.090
  25.610  70.880  47.060  26.660  71.710  42.240  29.930  67.740  42.640  30.700
  66.850  40.950  29.790  68.010  40.710  29.050  68.650  39.870  30.490  67.250
  40.250  31.470  66.940  39.490  29.670  66.030  38.410  29.830  65.960  39.570
  28.590  66.180  40.290  30.050  64.750  41.300  29.760  65.010  40.300  31.130
  64.620  39.680  29.300  63.550  38.650  29.560  63.290  39.770  28.230  63.710
  40.580  29.570  62.310  41.630  29.420  62.580  40.430  30.600  62.020  40.160
  28.790  61.090  40.420  29.280  60.250  40.430  27.810  61.070  39.160  28.820
  60.980  38.690  30.690  68.290  38.490  29.930  69.220  37.820  31.660  67.990
  37.930  32.100  67.080  36.400  31.600  68.440  36.050  30.650  68.850  36.230
  32.710  69.520  37.010  32.620  70.270  36.340  33.640  68.970  35.260  32.600
  70.000  35.380  31.750  67.290  35.750  32.490  66.380  34.190  31.170  67.330
  33.990  30.650  68.180  33.110  31.310  66.320  33.570  31.440  65.340  32.300
  30.040  66.280  31.720  29.880  67.190  32.900  29.130  66.230  31.230  30.060
  65.200  31.650  30.490  64.290  30.480  30.740  65.600  30.560  28.700  64.980
  29.910  28.370  65.800  31.260  27.870  64.880  29.610  28.760  63.810  29.620
  29.540  63.160  28.690  27.860  63.510  28.490  26.800  64.180  29.000  26.540
  65.020  27.790  26.190  63.810  27.900  27.890  62.490  27.810  28.710  61.900
  27.280  27.110  62.310  32.300  32.590  66.490  32.190  33.120  67.560  31.800
  33.130  65.390  31.940  32.620  64.540  30.980  34.350  65.320  30.750  34.640
  66.340  31.730  35.460  64.500  31.150  36.360  64.340  31.940  34.900  63.590
  32.950  35.940  65.250  33.620  35.130  65.530  33.840  36.790  64.310  34.700
  37.150  64.880  33.950  36.260  63.370  33.360  37.730  64.030  32.550  36.880
  66.390  33.470  37.330  66.770  31.860  37.680  66.110  32.120  36.310  67.220
  29.590  34.130  64.570  29.590  33.460  63.540  28.500  34.740  65.090  28.500
  35.220  65.980  27.210  34.900  64.320  26.970  33.910  63.930  26.140  35.420
  65.350  26.310  36.490  65.520  26.350  34.820  66.230  24.750  35.070  64.930
  24.460  34.830  63.670  23.790  35.100  65.660  27.350  35.910  63.200  27.920
  37.020  63.340  26.850  35.530  62.010  26.230  34.730  62.050  26.620  36.500
  60.910  27.610  36.870  60.620  25.910  35.750  59.800  25.370  36.490  59.210
  25.090  35.160  60.210  26.750  34.810  58.960  26.740  33.450  58.930  26.060
  32.830  59.500  27.710  33.020  58.010  27.870  32.040  57.810  28.390  34.060
  57.430  29.470  34.140  56.510  29.770  33.190  56.090  29.920  35.460  56.120
  30.760  35.540  55.450  29.290  36.650  56.780  29.510  37.670  56.470  28.310
  36.520  57.740  27.960  37.410  58.240  27.840  35.240  58.090  25.800  37.800
  61.190  26.110  38.850  60.590  24.910  37.600  62.230  24.760  36.690  62.630
  24.200  38.710  62.810  23.800  39.300  61.990  22.960  38.140  63.530  22.360
  38.970  63.890  23.270  37.550  64.390  22.030  37.360  62.550  21.080  37.860
  62.010  22.310  36.080  62.320  23.070  35.650  62.830  21.690  35.490  61.800
  25.010  39.770  63.660  24.420  40.710  64.170  26.280  39.490  63.930  26.700
  38.680  63.510  27.120  40.290  64.890  26.740  40.240  65.900  28.490  39.810
  65.010  29.040  39.960  64.080  29.350  40.290  66.170  28.790  40.210  67.100
  30.220  39.660  66.330  29.660  41.330  66.010  28.350  38.470  65.440  28.470
  37.940  64.650  27.200  41.770  64.460  27.300  42.130  63.290  27.240  42.660
  65.420  27.150  42.410  66.400  27.540  44.050  65.150  26.810  44.500  64.480
  27.450  44.770  66.510  28.240  44.350  67.140  26.590  44.540  67.140  27.670
  46.230  66.390  27.020  46.970  65.630  28.530  46.740  67.140  29.020  44.190
  64.570  29.950  43.860  65.270  29.190  44.700  63.350  28.360  45.020  62.850
  30.480  44.860  62.700  30.960  43.880  62.730  30.290  45.260  61.250  29.840
  46.250  61.330  31.310  45.350  60.860  29.660  44.590  60.670  31.390  45.830
  63.530  32.550  45.540  63.750  30.810  46.880  64.090  29.800  46.920  64.030
  31.570  47.850  64.920  32.440  48.040  64.290  30.980  49.220  64.910  29.930
  49.150  65.200  31.390  49.810  65.730  31.200  49.740  63.980  32.200  47.350
  66.230  33.360  47.640  66.590  31.700  46.230  66.740  30.730  46.020  66.540
  32.260  45.430  67.910  32.780  46.060  68.630  31.100  44.720  68.550  31.450
  44.270  69.480  30.710  43.910  67.930  30.060  45.620  68.910  29.500  45.800
  68.150  33.320  44.490  67.420  33.880  43.930  68.350  33.520  44.310  66.120
  33.070  44.920  65.460  34.600  43.520  65.520  35.170  42.970  66.270  33.960
  42.520  64.570  34.790  42.070  64.020  33.340  43.120  63.890  33.050  41.420
  65.340  32.300  41.970  65.910  32.370  40.660  64.230  31.800  39.870  64.710
  31.800  41.290  63.550  33.150  40.130  63.680  33.800  40.420  66.300  34.420
  39.770  65.680  34.410  40.930  67.040  33.160  39.690  66.800  35.590  44.450
  64.780  36.480  43.990  64.080  35.400  45.740  64.750  34.640  46.080  65.320
  36.380  46.630  64.020  36.450  46.340  62.970  36.000  48.120  64.010  35.580
  48.300  65.000  37.090  49.090  63.630  37.570  48.920  62.670  36.750  50.120
  63.730  37.940  49.040  64.320  34.860  48.370  62.960  34.120  47.560  63.050
  35.140  48.210  61.920  34.080  49.710  63.050  33.760  49.720  64.100  34.720
  50.570  62.890  33.210  49.620  62.400  37.760  46.520  64.630  37.910  46.640
  65.860  38.870  46.380  63.800  38.660  46.630  62.850  40.320  46.290  64.180
  40.440  46.950  65.030  40.900  46.660  63.330  40.760  44.830  64.430  41.920
  44.580  64.780  39.810  43.840  64.390  38.880  44.150  64.130  40.120  42.380
  64.480  41.030  42.290  65.080  38.980  41.520  65.140  39.210  40.460  65.040
  38.060  41.690  64.580  38.630  41.930  66.590  37.770  41.350  66.910  38.540
  43.020  66.680  39.920  41.830  67.510  40.220  40.660  67.880  40.590  42.810
  67.890  40.560  41.700  63.180  40.320  42.180  62.090  41.030  40.430  63.240
  41.200  39.980  64.130  41.340  39.550  62.190  41.150  40.030  61.230  42.850
  39.320  62.180  43.230  38.700  62.990  43.270  40.310  62.350  43.320  38.960
  60.710  42.860  39.500  59.890  42.960  37.930  60.600  44.870  38.870  60.690
  45.550  37.800  60.760  45.490  39.930  60.630  40.460  38.330  62.160  40.530
  37.620  63.140  39.740  38.070  61.060  39.820  38.730  60.300  38.750  36.970
  61.030  38.800  36.440  61.980  37.310  37.650  60.870  36.510  36.930  60.690
  37.360  38.280  59.980  36.800  38.660  61.970  37.380  39.570  61.810  35.370
  39.130  61.800  35.280  39.910  62.560  35.270  39.450  60.760  34.680  38.290
  61.930  36.960  38.100  63.400  36.470  37.130  63.440  38.000  38.280  63.680
  36.490  38.670  64.200  38.970  36.000  59.910  40.010  36.230  59.220  38.120
  34.930  59.840  37.570  34.690  60.650  38.190  33.940  58.740  38.510  34.500
  57.870  39.260  32.880  59.150  38.990  32.300  60.030  40.130  33.490  59.390
  39.510  31.900  57.950  39.760  32.550  57.110  38.680  31.260  57.670  40.660
  31.030  58.380  41.080  30.890  59.520  41.200  30.440  57.390  40.900  30.640
  56.450  41.920  29.770  57.620  36.850  33.220  58.470  36.060  32.970  59.380
  36.570  32.940  57.180  37.170  33.210  56.410  35.300  32.310  56.740  34.640
  32.060  57.580  34.500  33.210  55.800  35.130  33.270  54.910  33.130  32.630
  55.380  33.280  31.730  54.790  32.480  32.430  56.230  32.700  33.350  54.690
  34.220  34.640  56.320  33.470  35.090  55.670  33.730  34.600  57.300  35.170
  35.160  56.390  35.600  30.930  56.150  36.410  30.760  55.260  35.030  29.900
  56.720  34.440  30.130  57.510  35.080  28.560  56.160  35.450  28.620  55.130
  35.930  27.590  56.970  35.230  27.280  57.740  36.750  28.100  57.480  36.580
  26.390  56.260  37.270  25.670  56.990  36.310  26.010  55.110  33.670  27.920
  55.920  32.710  28.130  56.640  33.620  27.030  54.960  34.450  26.940  54.390
  32.310  26.380  54.660  31.650  27.190  54.380  32.520  25.490  53.380  31.650
  24.870  53.190  33.370  24.810  53.470  32.770  26.200  52.070  31.690  26.690
  51.330  30.710  26.620  51.790  31.800  27.110  50.000  30.950  27.470  49.430
  33.040  27.090  49.360  33.180  27.380  48.330  34.130  26.650  50.120  35.100
  26.610  49.640  34.020  26.300  51.460  34.870  25.920  51.990  31.810  25.560
  55.910  32.550  24.960  56.670  30.490  25.450  55.930  29.980  26.010  55.270
  29.780  24.750  57.030  29.970  25.180  58.010  28.240  24.780  56.630  27.750
  23.940  57.140  28.190  24.680  55.550  27.360  25.950  57.120  27.690  26.920
  56.750  25.910  25.800  56.530  25.320  26.650  56.870  25.950  25.760  55.440
  25.450  24.860  56.840  27.230  25.970  58.670  26.490  26.720  58.960  26.940
  25.000  59.060  28.180  26.310  59.090  30.110  23.270  57.190  30.370  22.860
  58.350  29.980  22.490  56.220
