Cpptraj Generated trajectory                                                    
  32.075 -34.286 -11.853  31.206 -33.198 -11.326  31.909 -31.865 -11.563  32.999
 -31.632 -11.049  30.912 -33.429  -9.824  32.078 -34.013  -8.980  32.839 -32.976
  -8.139  32.302 -32.543  -7.098  33.988 -32.618  -8.498  31.502 -35.021 -12.207
  30.336 -33.215 -11.805  30.678 -32.555  -9.427  30.162 -34.068  -9.759  31.695
 -34.675  -8.360  32.723 -34.421  -9.602  32.647 -33.923 -12.585  32.650 -34.632
 -11.116  31.324 -31.015 -12.390  31.948 -29.737 -12.658  31.419 -28.661 -11.707
  30.376 -28.848 -11.062  31.733 -29.316 -14.107  30.372 -28.917 -14.291  32.040
 -30.485 -15.032  30.437 -31.328 -12.801  32.941 -29.821 -12.511  32.329 -28.512
 -14.314  31.477 -30.421 -15.859  33.008 -30.468 -15.291  31.840 -31.349 -14.565
  29.758 -29.707 -14.188  32.143 -27.542 -11.625  31.769 -26.453 -10.742  30.344
 -26.019 -10.974  29.549 -25.992 -10.043  32.674 -25.245 -10.916  32.265 -24.076
 -10.062  32.438 -24.116  -8.685  31.667 -22.955 -10.628  32.021 -23.055  -7.889
  31.246 -21.888  -9.839  31.421 -21.935  -8.468  32.981 -27.525 -12.240  31.820
 -26.810  -9.798  33.589 -25.506 -10.655  32.630 -24.961 -11.859  32.864 -24.907
  -8.259  31.537 -22.914 -11.621  32.153 -23.099  -6.892  30.813 -21.085 -10.277
  31.125 -21.180  -7.889  30.030 -25.693 -12.225  28.703 -25.237 -12.606  27.575
 -26.173 -12.205  26.509 -25.712 -11.822  28.652 -24.947 -14.093  28.286 -23.593
 -14.268  30.818 -25.793 -12.905  28.538 -24.338 -12.149  29.545 -25.094 -14.484
  27.970 -25.523 -14.513  28.612 -23.055 -13.491  27.809 -27.478 -12.284  26.814
 -28.452 -11.882  26.639 -28.352 -10.378  25.519 -28.300  -9.873  27.281 -29.875
 -12.205  27.479 -30.112 -13.692  26.877 -29.358 -14.503  28.238 -31.057 -14.042
  28.748 -27.730 -12.651  25.947 -28.185 -12.297  28.147 -30.027 -11.740  26.592
 -30.508 -11.869  27.761 -28.324  -9.665  27.753 -28.274  -8.217  27.124 -27.006
  -7.657  26.320 -27.064  -6.716  29.180 -28.412  -7.685  29.872 -29.738  -7.354
  29.042 -30.916  -7.782  31.236 -29.774  -8.020  28.634 -28.341 -10.236  27.223
 -29.070  -7.868  29.800 -27.923  -8.358  29.238 -27.833  -6.827  30.032 -29.776
  -6.362  28.885 -30.884  -8.773  29.516 -31.771  -7.555  28.156 -30.901  -7.312
  31.794 -29.014  -7.684  31.692 -30.639  -7.806  31.128 -29.693  -9.012  27.477
 -25.871  -8.251  27.021 -24.553  -7.803  25.532 -24.284  -8.011  24.919 -23.498
  -7.297  27.892 -23.448  -8.451  27.585 -22.055  -8.009  26.730 -21.178  -8.613
  28.090 -21.382  -6.842  26.659 -20.002  -7.892  27.478 -20.101  -6.799  28.990
 -21.731  -5.830  27.738 -19.177  -5.784  29.251 -20.809  -4.825  28.623 -19.548
  -4.812  28.115 -25.997  -9.074  27.204 -24.492  -6.801  28.847 -23.632  -8.228
  27.762 -23.487  -9.440  26.225 -21.355  -9.456  26.101 -19.210  -8.131  29.437
 -22.620  -5.823  27.284 -18.283  -5.787  29.893 -21.045  -4.104  28.841 -18.918
  -4.064  24.939 -24.930  -8.991  23.530 -24.716  -9.231  22.646 -25.442  -8.219
  21.451 -25.171  -8.134  23.180 -25.083 -10.671  23.805 -24.114 -11.676  23.803
 -24.649 -13.100  24.657 -23.764 -13.999  24.754 -24.351 -15.355  25.533 -25.564
  -9.539  23.330 -23.722  -9.173  23.527 -25.989 -10.859  22.197 -25.046 -10.775
  23.291 -23.250 -11.653  24.754 -23.929 -11.399  24.184 -25.562 -13.102  22.875
 -24.647 -13.445  24.236 -22.861 -14.055  25.570 -23.687 -13.603  24.463 -25.308
 -15.328  24.164 -23.843 -15.983  25.701 -24.301 -15.675  23.240 -26.308  -7.408
  22.485 -27.035  -6.394  22.403 -26.295  -5.067  22.155 -26.900  -4.030  23.113
 -28.401  -6.153  23.201 -29.321  -7.366  23.891 -30.600  -6.922  21.808 -29.605
  -7.945  24.259 -26.420  -7.554  21.540 -27.177  -6.739  24.042 -28.258  -5.821
  22.572 -28.871  -5.461  23.738 -28.882  -8.070  23.358 -31.033  -6.194  23.965
 -31.228  -7.698  24.807 -30.386  -6.580  21.387 -28.744  -8.224  21.898 -30.208
  -8.736  21.246 -30.045  -7.247  22.657 -24.998  -5.083  22.616 -24.202  -3.862
  21.235 -23.583  -3.733  20.630 -23.223  -4.753  23.652 -23.069  -3.918  25.131
 -23.345  -4.163  25.825 -22.010  -4.268  25.723 -24.177  -3.038  22.883 -24.603
  -6.015  22.770 -24.804  -3.081  23.346 -22.420  -4.646  23.586 -22.560  -3.036
  25.231 -23.844  -5.010  25.703 -21.494  -3.417  26.805 -22.147  -4.430  25.438
 -21.483  -5.028  25.240 -25.052  -2.977  26.693 -24.346  -3.220  25.629 -23.685
  -2.171  20.753 -23.387  -2.477  19.442 -22.801  -2.172  19.329 -21.458  -2.877
  20.105 -20.538  -2.608  19.491 -22.646  -0.660  20.369 -23.774  -0.245  21.480
 -23.661  -1.226  18.705 -23.415  -2.446  19.890 -21.768  -0.404  18.581 -22.734
  -0.263  20.690 -23.644   0.685  19.892 -24.640  -0.334  22.095 -22.907  -1.010
  21.998 -24.510  -1.304  18.368 -21.373  -3.794  18.139 -20.187  -4.619  17.306
 -19.049  -4.048  17.039 -18.062  -4.733  17.603 -20.610  -5.988  16.553 -21.693
  -5.923  16.395 -22.434  -7.228  17.341 -22.426  -8.054  15.315 -23.043  -7.418
  17.780 -22.240  -3.877  19.063 -19.808  -4.916  17.195 -19.817  -6.405  18.362
 -20.954  -6.511  16.824 -22.348  -5.239  15.686 -21.276  -5.711  16.925 -19.172
  -2.791  16.147 -18.147  -2.112  16.548 -18.261  -0.669  17.159 -19.284  -0.370
  14.634 -18.393  -2.256  14.044 -17.784  -3.540  16.296 -17.351   0.139  17.226
 -20.059  -2.328  16.464 -17.273  -2.442  14.474 -19.374  -2.276  14.172 -17.982
  -1.477  14.536 -16.773  -4.071  12.963 -18.387  -4.023  12.577 -19.181  -3.554
  12.531 -18.045  -4.860
